    90 0.00762591
    91 0.00806787
    92 0.00854937
    93 0.00907529
    94 0.00965126
    95 0.0102838
    96 0.0109806
    97 0.0117507
    98 0.0126047
    99 0.0135553
   100 0.0146175
   101 0.0158096
   102 0.0171535
   103 0.0186763
   104 0.0204111
   105 0.0223991
   106 0.024692
   107 0.0273555
   108 0.0304739
   109 0.0341568
   110 0.038549
   111 0.0438447
   112 0.0503092
   113 0.0583129
   114 0.0683847
   115 0.0813011
   116 0.0982388
   117 0.121049
   118 0.152779
   119 0.198718
   120 0.268703
   121 0.382638
   122 0.585554
   123 0.995377
   124 1.98409
   125 4.85714
   126 9.06934
   127 4.60517
   128 1.89919
   129 0.962984
   130 0.570501
   131 0.374566
   132 0.26391
   133 0.195653
   134 0.150704
   135 0.119582
   136 0.0971636
   137 0.0804902
   138 0.0677583
   139 0.0578192
   140 0.0499132
   141 0.0435223
   142 0.038283
   143 0.0339349
   144 0.0302868
   145 0.0271963
   146 0.0245554
   147 0.022281
   148 0.0203084
   149 0.0185864
   150 0.0170744
   151 0.0157395
   152 0.0145552
   153 0.0134996
   154 0.0125548
   155 0.0117058
   156 0.0109401
   157 0.010247
   158 0.0096178
   159 0.00904478
   160 0.00852147
   161 0.00804229
   162 0.0076024
   163 0.00719764
   164 0.00682435
   165 0.00647936
   166 0.00615988
   167 0.00586345
   168 0.00558791
   169 0.00533135
