#index 0: data from sin(x)(x, sin(x),cos(x),-cos(x)+k=1)
0 0 1 -1
0.2 0.198669 0.980067 -0.980067
0.4 0.389418 0.921061 -0.921061
0.6 0.564642 0.825336 -0.825336
0.8 0.717356 0.696707 -0.696707
1 0.841471 0.540302 -0.540302
1.2 0.932039 0.362358 -0.362358
1.4 0.98545 0.169967 -0.169967
1.6 0.999574 -0.0291995 0.0291995
1.8 0.973848 -0.227202 0.227202
2 0.909297 -0.416147 0.416147
2.2 0.808496 -0.588501 0.588501
2.4 0.675463 -0.737394 0.737394
2.6 0.515501 -0.856889 0.856889
2.8 0.334988 -0.942222 0.942222
3 0.14112 -0.989992 0.989992
3.2 -0.0583741 -0.998295 0.998295
3.4 -0.255541 -0.966798 0.966798
3.6 -0.44252 -0.896758 0.896758
3.8 -0.611858 -0.790968 0.790968
4 -0.756802 -0.653644 0.653644
4.2 -0.871576 -0.490261 0.490261
4.4 -0.951602 -0.307333 0.307333
4.6 -0.993691 -0.112153 0.112153
4.8 -0.996165 0.087499 -0.087499
5 -0.958924 0.283662 -0.283662
5.2 -0.883455 0.468517 -0.468517
5.4 -0.772764 0.634693 -0.634693
5.6 -0.631267 0.775566 -0.775566
5.8 -0.464602 0.88552 -0.88552
6 -0.279415 0.96017 -0.96017
6.2 -0.0830894 0.996542 -0.996542
6.4 0.116549 0.993185 -0.993185
6.6 0.311541 0.950233 -0.950233
6.8 0.494113 0.869397 -0.869397
7 0.656987 0.753902 -0.753902
7.2 0.793668 0.608351 -0.608351
7.4 0.898708 0.438547 -0.438547
7.6 0.96792 0.25126 -0.25126
7.8 0.998543 0.0539554 -0.0539554
8 0.989358 -0.1455 0.1455
8.2 0.940731 -0.339155 0.339155
8.4 0.854599 -0.519289 0.519289
8.6 0.734397 -0.67872 0.67872
8.8 0.584917 -0.811093 0.811093
9 0.412118 -0.91113 0.91113
9.2 0.22289 -0.974844 0.974844
9.4 0.0247754 -0.999693 0.999693
9.6 -0.174327 -0.984688 0.984688
9.8 -0.366479 -0.930426 0.930426
10 -0.544021 -0.839072 0.839072
10.2 -0.699875 -0.714266 0.714266
10.4 -0.827826 -0.560984 0.560984
10.6 -0.922775 -0.385338 0.385338
10.8 -0.980936 -0.19433 0.19433
11 -0.99999 0.0044257 -0.0044257
11.2 -0.979178 0.203005 -0.203005
11.4 -0.919329 0.393491 -0.393491
11.6 -0.822829 0.56829 -0.56829
11.8 -0.693525 0.720432 -0.720432
12 -0.536573 0.843854 -0.843854
12.2 -0.358229 0.933634 -0.933634
12.4 -0.165604 0.986192 -0.986192
12.6 0.033623 0.999435 -0.999435

 
#index 1: linear spline data(x f(x) F(x))
0.030303 0.0301014 -0.999544 
0.0606061 0.0602028 -0.998176 
0.0909091 0.0903042 -0.995895 
0.121212 0.120406 -0.992703 
0.151515 0.150507 -0.988598 
0.181818 0.180608 -0.983581 
0.212121  0.21023 -0.977655 
0.242424 0.239131 -0.970846 
0.272727 0.268033 -0.963162 
 0.30303 0.296934 -0.954602 
0.333333 0.325835 -0.945166 
0.363636 0.354737 -0.934854 
0.393939 0.383638 -0.923667 
0.424242 0.410658 -0.911626 
0.454545 0.437207 -0.89878 
0.484848 0.463756 -0.885129 
0.515152 0.490305 -0.870674 
0.545455 0.516854 -0.855414 
0.575758 0.543403 -0.839349 
0.606061  0.56927 -0.822482 
0.636364 0.592409 -0.804881 
0.666667 0.615547 -0.786579 
 0.69697 0.638685 -0.767575 
0.727273 0.661824 -0.74787 
0.757576 0.684962 -0.727465 
0.787879 0.708101 -0.706357 
0.818182 0.728639 -0.684573 
0.848485 0.747445 -0.662208 
0.878788  0.76625 -0.639273 
0.909091 0.785055 -0.615769 
0.939394  0.80386 -0.591694 
0.969697 0.822666 -0.56705 
       1 0.841471 -0.541836 
  1.0303 0.855193 -0.516129 
 1.06061 0.868916 -0.490006 
 1.09091 0.882638 -0.463467 
 1.12121 0.896361 -0.436513 
 1.15152 0.910083 -0.409142 
 1.18182 0.923806 -0.381356 
 1.21212 0.935276 -0.353168 
 1.24242 0.943369 -0.324703 
 1.27273 0.951461 -0.295994 
 1.30303 0.959554 -0.267039 
 1.33333 0.967646 -0.237839 
 1.36364 0.975739 -0.208394 
 1.39394 0.983831 -0.178703 
 1.42424 0.987162 -0.148825 
 1.45455 0.989302 -0.118879 
 1.48485 0.991442 -0.0888676 
 1.51515 0.993582 -0.0587915 
 1.54545 0.995722 -0.0286506 
 1.57576 0.997862 0.00155523 
 1.60606 0.998794 0.0318222 
 1.63636 0.994896 0.0620297 
 1.66667 0.990998 0.092119 
 1.69697   0.9871  0.12209 
 1.72727 0.983203 0.151943 
 1.75758 0.979305 0.181678 
 1.78788 0.975407 0.211295 
 1.81818 0.967979 0.240762 
 1.84848 0.958199 0.269946 
 1.87879 0.948419 0.298834 
 1.90909 0.938638 0.327426 
 1.93939 0.928858 0.355722 
  1.9697 0.919078 0.383721 
       2 0.909297 0.411423 
  2.0303 0.894025 0.438746 
 2.06061 0.878752 0.465607 
 2.09091 0.863479 0.492004 
 2.12121 0.848206 0.517939 
 2.15152 0.832933  0.54341 
 2.18182  0.81766 0.568419 
 2.21212 0.800434 0.592954 
 2.24242 0.780277 0.616904 
 2.27273 0.760121 0.640243 
 2.30303 0.739964 0.662972 
 2.33333 0.719808  0.68509 
 2.36364 0.699651 0.706596 
 2.39394 0.679494 0.727493 
 2.42424 0.656074 0.747738 
 2.45455 0.631837 0.767252 
 2.48485 0.607601 0.786032 
 2.51515 0.583364 0.804076 
 2.54545 0.559127 0.821387 
 2.57576 0.534891 0.837963 
 2.60606 0.510031 0.853803 
 2.63636 0.482681 0.868844 
 2.66667  0.45533 0.883056 
 2.69697  0.42798  0.89644 
 2.72727 0.400629 0.908994 
 2.75758 0.373279  0.92072 
 2.78788 0.345928 0.931617 
 2.81818 0.317364 0.941674 
 2.84848  0.28799 0.950846 
 2.87879 0.258616 0.959128 
 2.90909 0.229242  0.96652 
 2.93939 0.199868 0.973022 
  2.9697 0.170494 0.978633 
       3  0.14112 0.983355 
  3.0303 0.110894 0.987173 
 3.06061 0.0806672 0.990076 
 3.09091 0.0504408 0.992062 
 3.12121 0.0202145 0.993133 
 3.15152 -0.0100119 0.993287 
 3.18182 -0.0402383 0.992526 
 3.21212 -0.0703237 0.990849 
 3.24242 -0.100197 0.988266 
 3.27273 -0.130071 0.984777 
 3.30303 -0.159945 0.980383 
 3.33333 -0.189819 0.975083 
 3.36364 -0.219693 0.968878 
 3.39394 -0.249566 0.961768 
 3.42424 -0.278205 0.953768 
 3.45455 -0.306535 0.944908 
 3.48485 -0.334866  0.93519 
 3.51515 -0.363196 0.924614 
 3.54545 -0.391526 0.913178 
 3.57576 -0.419856 0.900885 
 3.60606 -0.447652 0.887734 
 3.63636 -0.473309  0.87378 
 3.66667 -0.498966 0.859049 
 3.69697 -0.524623  0.84354 
 3.72727 -0.550281 0.827253 
 3.75758 -0.575938  0.81019 
 3.78788 -0.601595 0.792348 
 3.81818 -0.625035 0.773749 
 3.84848 -0.646996 0.754476 
 3.87879 -0.668957 0.734537 
 3.90909 -0.690919 0.713933 
 3.93939 -0.71288 0.692664 
  3.9697 -0.734841 0.670728 
       4 -0.756802 0.648128 
  4.0303 -0.774192 0.624931 
 4.06061 -0.791582 0.601207 
 4.09091 -0.808972 0.576956 
 4.12121 -0.826362 0.552178 
 4.15152 -0.843752 0.526874 
 4.18182 -0.861142 0.501042 
 4.21212 -0.876426 0.474696 
 4.24242 -0.888551 0.447954 
 4.27273 -0.900676 0.420844 
 4.30303 -0.912801 0.393368 
 4.33333 -0.924927 0.365523 
 4.36364 -0.937052 0.337311 
 4.39394 -0.949177 0.308732 
 4.42424 -0.956704 0.279841 
 4.45455 -0.963081 0.250754 
 4.48485 -0.969458 0.221473 
 4.51515 -0.975835 0.191999 
 4.54545 -0.982212 0.162331 
 4.57576 -0.988589 0.132471 
 4.60606 -0.993766  0.10242 
 4.63636 -0.994141 0.0723005 
 4.66667 -0.994516 0.0421693 
 4.69697 -0.99489 0.0120268 
 4.72727 -0.995265 -0.0181271 
 4.75758 -0.99564 -0.0482923 
 4.78788 -0.996015 -0.0784689 
 4.81818 -0.992779 -0.108624 
 4.84848 -0.987137 -0.138623 
 4.87879 -0.981494 -0.16845 
 4.90909 -0.975852 -0.198107 
 4.93939 -0.970209 -0.227593 
  4.9697 -0.964567 -0.256908 
       5 -0.958924 -0.286052 
  5.0303 -0.947489 -0.314937 
 5.06061 -0.936055 -0.343475 
 5.09091 -0.92462 -0.371667 
 5.12121 -0.913185 -0.399513 
 5.15152 -0.90175 -0.427012 
 5.18182 -0.890316 -0.454164 
 5.21212 -0.876746 -0.480957 
 5.24242 -0.859975 -0.507271 
 5.27273 -0.843204 -0.533077 
 5.30303 -0.826432 -0.558375 
 5.33333 -0.809661 -0.583164 
 5.36364 -0.79289 -0.607445 
 5.39394 -0.776119 -0.631218 
 5.42424 -0.755613 -0.654437 
 5.45455 -0.734174 -0.67701 
 5.48485 -0.712735 -0.698933 
 5.51515 -0.691296 -0.720206 
 5.54545 -0.669857 -0.740829 
 5.57576 -0.648418 -0.760803 
 5.60606 -0.626216 -0.780125 
 5.63636 -0.600964 -0.798719 
 5.66667 -0.575712 -0.816547 
 5.69697 -0.55046 -0.83361 
 5.72727 -0.525207 -0.849908 
 5.75758 -0.499955 -0.865441 
 5.78788 -0.474703 -0.880209 
 5.81818 -0.447767 -0.894196 
 5.84848 -0.419708 -0.907339 
 5.87879 -0.39165 -0.919633 
 5.90909 -0.363591 -0.931076 
 5.93939 -0.335533 -0.941668 
  5.9697 -0.307474 -0.951411 
       6 -0.279415 -0.960303 
  6.0303 -0.249669 -0.96832 
 6.06061 -0.219923 -0.975435 
 6.09091 -0.190176 -0.981648 
 6.12121 -0.16043 -0.98696 
 6.15152 -0.130684 -0.991371 
 6.18182 -0.100937 -0.994881 
 6.21212 -0.0709901 -0.997487 
 6.24242 -0.0407418 -0.99918 
 6.27273 -0.0104935 -0.999957 
 6.30303 0.0197547 -0.999816 
 6.33333 0.050003 -0.998759 
 6.36364 0.0802513 -0.996786 
 6.39394   0.1105 -0.993896 
 6.42424 0.140185 -0.990096 
 6.45455 0.169729  -0.9854 
 6.48485 0.199273 -0.979809 
 6.51515 0.228817 -0.973323 
 6.54545 0.258362 -0.965941 
 6.57576 0.287906 -0.957665 
 6.60606 0.317074 -0.948494 
 6.63636 0.344736 -0.938466 
 6.66667 0.372399 -0.927601 
 6.69697 0.400061 -0.915897 
 6.72727 0.427724 -0.903354 
 6.75758 0.455386 -0.889974 
 6.78788 0.483048 -0.875755 
 6.81818  0.50892 -0.860715 
 6.84848 0.533598 -0.844919 
 6.87879 0.558276 -0.828375 
 6.90909 0.582953 -0.811084 
 6.93939 0.607631 -0.793045 
  6.9697 0.632309 -0.774258 
       7 0.656987 -0.754723 
  7.0303 0.677696 -0.734501 
 7.06061 0.698405 -0.713651 
 7.09091 0.719114 -0.692173 
 7.12121 0.739824 -0.670068 
 7.15152 0.760533 -0.647335 
 7.18182 0.781242 -0.623975 
 7.21212 0.800034 -0.599999 
 7.24242 0.815949 -0.575514 
 7.27273 0.831864 -0.550547 
 7.30303 0.847779 -0.525098 
 7.33333 0.863695 -0.499167 
 7.36364  0.87961 -0.472753 
 7.39394 0.895525 -0.445857 
 7.42424 0.907097 -0.418532 
 7.45455 0.917584 -0.390885 
 7.48485 0.928071 -0.36292 
 7.51515 0.938557 -0.334638 
 7.54545 0.949044 -0.306038 
 7.57576  0.95953 -0.27712 
 7.60606 0.968848 -0.247888 
 7.63636 0.973488 -0.218459 
 7.66667 0.978128 -0.188889 
 7.69697 0.982768 -0.159179 
 7.72727 0.987407 -0.129327 

 
#index 2: quadratic spline data(x f(x) df_dx F(x))
0.030303 0.0303154 0.999147 -0.99954 
0.0606061 0.0605543 0.996625 -0.998163 
0.0909091 0.0907169 0.994103 -0.995871 
0.121212 0.120803 0.991581 -0.992666 
0.151515 0.150813  0.98906 -0.988551 
0.181818 0.180746 0.986538 -0.983527 
0.212121 0.210586 0.981233 -0.977597 
0.242424 0.240177 0.971755 -0.970767 
0.272727  0.26948 0.962276 -0.963044 
 0.30303 0.298497 0.952797 -0.954438 
0.333333 0.327226 0.943318 -0.944956 
0.363636 0.355667  0.93384 -0.934609 
0.393939 0.383822 0.924361 -0.923403 
0.424242 0.411645  0.91123 -0.91135 
0.454545 0.439045 0.897186 -0.89846 
0.484848  0.46602 0.883143 -0.884745 
0.515152 0.492569 0.869099 -0.87022 
0.545455 0.518693 0.855055 -0.854897 
0.575758 0.544391 0.841011 -0.838789 
0.606061 0.569659 0.825764 -0.821908 
0.636364 0.594378 0.805701 -0.804269 
0.666667  0.61849 0.785637 -0.785891 
 0.69697 0.641993 0.765574 -0.766791 
0.727273 0.664888 0.745511 -0.746989 
0.757576 0.687175 0.725448 -0.726501 
0.787879 0.708855 0.705385 -0.705348 
0.818182 0.729908 0.683399 -0.683547 
0.848485 0.750265 0.660131 -0.661118 
0.878788 0.769916 0.636862 -0.638083 
0.909091 0.788863 0.613594 -0.614464 
0.939394 0.807104 0.590326 -0.59028 
0.969697  0.82464 0.567057 -0.565555 
       1 0.841471 0.543789 -0.540309 
  1.0303 0.857532 0.516229 -0.514565 
 1.06061 0.872758 0.488669 -0.488346 
 1.09091 0.887148 0.461109 -0.461679 
 1.12121 0.900704 0.433548 -0.434588 
 1.15152 0.913424 0.405988 -0.407099 
 1.18182 0.925309 0.378428 -0.379237 
 1.21212 0.936356 0.350396 -0.351028 
 1.24242 0.946539 0.321657 -0.322497 
 1.27273  0.95585 0.292918 -0.293671 
 1.30303 0.964291 0.264179 -0.264576 
 1.33333 0.971861  0.23544 -0.235238 
 1.36364  0.97856 0.206701 -0.205684 
 1.39394 0.984389 0.177962 -0.17594 
 1.42424 0.989326 0.147585 -0.146033 
 1.45455 0.993332 0.116799 -0.11599 
 1.48485 0.996405 0.0860125 -0.0858405 
 1.51515 0.998545 0.0552262 -0.0556117 
 1.54545 0.999752 0.0244398 -0.0253321 
 1.57576  1.00003 -0.00634654 0.00496994 
 1.60606 0.999368 -0.0368941 0.0352661 
 1.63636 0.997802 -0.0664863 0.0655285 
 1.66667 0.995338 -0.0960784 0.0957299 
 1.69697 0.991979 -0.125671 0.125843 
 1.72727 0.987722 -0.155263 0.155841 
 1.75758 0.982569 -0.184855 0.185696 
 1.78788 0.976519 -0.214447 0.215381 
 1.81818 0.969574 -0.243824  0.24487 
 1.84848 0.961742 -0.273056 0.274134 
 1.87879 0.953025 -0.302288 0.303148 
 1.90909 0.943422 -0.331521 0.331885 
 1.93939 0.932933 -0.360753 0.360316 
  1.9697 0.921558 -0.389986 0.388417 
       2 0.909297 -0.419218 0.416159 
  2.0303 0.896205 -0.444911 0.443518 
 2.06061 0.882333 -0.470604 0.470467 
 2.09091 0.867683 -0.496297 0.496984 
 2.12121 0.852255 -0.52199 0.523046 
 2.15152 0.836047 -0.547683 0.548628 
 2.18182 0.819062 -0.573376 0.573708 
 2.21212 0.801303 -0.59805 0.598261 
 2.24242  0.78283 -0.621193 0.622264 
 2.27273 0.763655 -0.644337 0.645698 
 2.30303 0.743779 -0.66748 0.668539 
 2.33333 0.723202 -0.690624 0.690768 
 2.36364 0.701923 -0.713768 0.712363 
 2.39394 0.679943 -0.736911 0.733302 
 2.42424 0.657315 -0.755666 0.753565 
 2.45455 0.634149 -0.773323 0.773134 
 2.48485 0.610447 -0.79098 0.791993 
 2.51515 0.586211 -0.808638 0.810125 
 2.54545 0.561439 -0.826295 0.827515 
 2.57576 0.536132 -0.843952 0.844146 
 2.60606 0.510293 -0.860774 0.860003 
 2.63636 0.484004 -0.874256 0.875069 
 2.66667 0.457308 -0.887737 0.889332 
 2.69697 0.430202 -0.901218  0.90278 
 2.72727 0.402688 -0.914699 0.915401 
 2.75758 0.374766 -0.92818 0.927181 
 2.78788 0.346435 -0.941662  0.93811 
 2.81818 0.317732 -0.951106 0.948174 
 2.84848 0.288808 -0.95786 0.957364 
 2.87879  0.25968 -0.964613 0.965675 
 2.90909 0.230347 -0.971367   0.9731 
 2.93939 0.200809 -0.97812 0.979633 
  2.9697 0.171067 -0.984874 0.985268 
       3  0.14112 -0.991627 0.989999 
  3.0303 0.111044 -0.993398  0.99382 
 3.06061 0.0809141 -0.995169 0.996728 
 3.09091 0.0507306 -0.99694 0.998723 
 3.12121 0.0204935 -0.99871 0.999803 
 3.15152 -0.00979729 -1.00048 0.999965 
 3.18182 -0.0401417 -1.00225 0.999208 
 3.21212 -0.0705227  -1.0012 0.997531 
 3.24242 -0.100782 -0.995899 0.994935 
 3.27273 -0.13088 -0.990602 0.991425 
 3.30303 -0.160818 -0.985305 0.987005 
 3.33333 -0.190596 -0.980008  0.98168 
 3.36364 -0.220213 -0.974712 0.975455 
 3.39394 -0.249669 -0.969415 0.968336 
 3.42424 -0.278918 -0.960244 0.960326 
 3.45455 -0.307863 -0.950105 0.951434 
 3.48485  -0.3365 -0.939966 0.941671 
 3.51515 -0.36483 -0.929827 0.931044 
 3.54545 -0.392853 -0.919688 0.919563 
 3.57576 -0.420569 -0.909549 0.907237 
 3.60606 -0.447974 -0.89812 0.894077 
 3.63636 -0.474938 -0.881529 0.880092 
 3.66667  -0.5014 -0.864937 0.865298 
 3.69697 -0.527358 -0.848346 0.849709 
 3.72727 -0.552815 -0.831755 0.833342 
 3.75758 -0.577768 -0.815164  0.81621 
 3.78788 -0.602218 -0.798573 0.798331 
 3.81818 -0.626146 -0.779716 0.779718 
 3.84848 -0.649465 -0.759348 0.760389 
 3.87879 -0.672167 -0.73898 0.740362 
 3.90909 -0.694251 -0.718613 0.719657 
 3.93939 -0.715719 -0.698245 0.698293 
  3.9697 -0.736569 -0.677877 0.676287 
       4 -0.756802 -0.65751 0.653658 
  4.0303 -0.776343 -0.632163 0.630427 
 4.06061 -0.795115 -0.606817 0.606615 
 4.09091 -0.81312 -0.58147 0.582246 
 4.12121 -0.830356 -0.556124 0.557343 
 4.15152 -0.846824 -0.530777 0.531929 
 4.18182 -0.862524 -0.505431 0.506028 
 4.21212 -0.877452 -0.479303 0.479663 
 4.24242 -0.891562 -0.452002 0.452857 
 4.27273 -0.904846 -0.424702 0.425637 
 4.30303 -0.917302 -0.397401 0.398027 
 4.33333 -0.928931 -0.370101 0.370051 
 4.36364 -0.939732  -0.3428 0.341736 
 4.39394 -0.949706  -0.3155 0.313106 
 4.42424 -0.958826 -0.285896 0.284187 
 4.45455 -0.967032 -0.255715 0.255005 
 4.48485 -0.974323 -0.225535 0.225588 
 4.51515 -0.980701 -0.195354 0.195964 
 4.54545 -0.986163 -0.165174 0.166161 
 4.57576 -0.990711 -0.134994 0.136206 
 4.60606 -0.994345 -0.104881 0.106127 
 4.63636 -0.997071 -0.075038 0.0759517 
 4.66667 -0.998892 -0.0451952 0.0457075 
 4.69697 -0.99981 -0.0153523 0.0154219 
 4.72727 -0.999823 0.0144906 -0.0148779 
 4.75758 -0.998932 0.0443334 -0.0451643 
 4.78788 -0.997136 0.0741763 -0.0754101 
 4.81818 -0.994433 0.104311 -0.105588 
 4.84848 -0.990813 0.134641 -0.135669 
 4.87879 -0.986273 0.164971 -0.165628 
 4.90909 -0.980815 0.195301 -0.195434 
 4.93939 -0.974437  0.22563 -0.225062 
  4.9697 -0.96714  0.25596 -0.254482 
       5 -0.958924  0.28629 -0.283667 
  5.0303 -0.949831 0.313883 -0.31259 
 5.06061 -0.939901 0.341477 -0.341224 
 5.09091 -0.929135  0.36907 -0.369545 
 5.12121 -0.917533 0.396663 -0.397527 
 5.15152 -0.905095 0.424257 -0.425144 
 5.18182 -0.891821  0.45185 -0.452373 
 5.21212 -0.877715 0.478715 -0.479186 
 5.24242 -0.862818 0.504486 -0.505559 
 5.27273 -0.84714 0.530257 -0.53147 
 5.30303 -0.830681 0.556028 -0.556893 
 5.33333 -0.813441 0.581799 -0.581806 
 5.36364 -0.79542  0.60757 -0.606185 
 5.39394 -0.776619 0.633341 -0.630006 
 5.42424 -0.757083 0.655221 -0.653245 
 5.45455 -0.736911 0.676128 -0.675883 
 5.48485 -0.716106 0.697036  -0.6979 
 5.51515 -0.694667 0.717943 -0.719277 
 5.54545 -0.672594  0.73885 -0.739995 
 5.57576 -0.649888 0.759757 -0.760034 
 5.60606 -0.62655 0.779928 -0.779375 
 5.63636 -0.602655 0.797152 -0.798001 
 5.66667 -0.578238 0.814376 -0.815895 
 5.69697 -0.553299   0.8316 -0.833041 
 5.72727 -0.527838 0.848824 -0.849423 
 5.75758 -0.501855 0.866048 -0.865025 
 5.78788 -0.47535 0.883272 -0.879833 
 5.81818 -0.448358 0.896665 -0.89383 
 5.84848 -0.421022 0.907505 -0.907003 
 5.87879 -0.393358 0.918345 -0.919343 
 5.90909 -0.365365 0.929185 -0.930839 
 5.93939 -0.337044 0.940025 -0.941483 
  5.9697 -0.308394 0.950865 -0.951263 
       6 -0.279415 0.961705 -0.96017 
  6.0303 -0.250181 0.967743 -0.968195 
 6.06061 -0.220764 0.973781 -0.975331 
 6.09091 -0.191164 0.979819 -0.981572 
 6.12121 -0.161381 0.985857 -0.986914 
 6.15152 -0.131415 0.991895 -0.991351 
 6.18182 -0.101267 0.997933 -0.994877 
 6.21212 -0.0709518  1.00115 -0.997487 
 6.24242 -0.0406294  1.00013 -0.999177 
 6.27273 -0.0103379  0.99911 -0.99995 
 6.30303 0.0199227 0.998091 -0.999804 
 6.33333 0.0501525 0.997072 -0.998742 
 6.36364 0.0803513 0.996053 -0.996765 
 6.39394 0.110519 0.995034 -0.993873 
 6.42424 0.140608 0.990014 -0.990068 
 6.45455 0.170517 0.983992 -0.985353 
 6.48485 0.200244 0.977971 -0.979735 
 6.51515 0.229788  0.97195 -0.973219 
 6.54545  0.25915 0.965929 -0.96581 
 6.57576 0.288329 0.959908 -0.957515 
 6.60606 0.317322 0.952532 -0.948338 
 6.63636 0.345993 0.939734 -0.938286 
 6.66667 0.374276 0.926937 -0.927372 
 6.69697 0.402171  0.91414 -0.915607 
 6.72727 0.429678 0.901342 -0.903002 
 6.75758 0.456798 0.888545 -0.88957 
 6.78788 0.483529 0.875748 -0.875321 
 6.81818  0.50985 0.860399 -0.860269 
 6.84848 0.535664  0.84335 -0.844427 
 6.87879 0.560962 0.826301 -0.82781 
 6.90909 0.585743 0.809251 -0.810434 
 6.93939 0.610008 0.792202 -0.792315 
  6.9697 0.633755 0.775153 -0.773469 
       7 0.656987 0.758104 -0.753911 
  7.0303 0.679616 0.735468 -0.733658 
 7.06061  0.70156 0.712833 -0.712729 
 7.09091 0.722818 0.690197 -0.691146 
 7.12121 0.743391 0.667561 -0.668929 
 7.15152 0.763277 0.644926 -0.646099 
 7.18182 0.782477  0.62229 -0.622677 
 7.21212 0.800985 0.598587 -0.598683 
 7.24242  0.81874 0.573281 -0.57414 
 7.27273 0.835729 0.547976 -0.54907 
 7.30303 0.851951 0.522671 -0.523497 
 7.33333 0.867406 0.497365 -0.497445 
 7.36364 0.882094  0.47206 -0.470935 
 7.39394 0.896016 0.446754 -0.443992 
 7.42424 0.909135 0.418509 -0.416639 
 7.45455 0.921378 0.389529 -0.388902 
 7.48485 0.932743 0.360548 -0.360807 
 7.51515 0.943229 0.331568 -0.332381 
 7.54545 0.952838 0.302587 -0.30365 
 7.57576 0.961568 0.273607 -0.274642 
 7.60606  0.96942 0.244525 -0.245382 
 7.63636 0.976383 0.215039 -0.215898 
 7.66667 0.982452 0.185553 -0.186217 
 7.69697 0.987628 0.156067 -0.156365 
 7.72727 0.991911 0.126581 -0.12637 

 
#index 3: cubic spline data(x f(x) df_dx F(x))
0.030303 0.0302981 0.999533 -0.999541 
0.0606061 0.0605685 0.998161 -0.998164 
0.0909091 0.0907835 0.995873 -0.995871 
0.121212 0.120915 0.992669 -0.992663 
0.151515 0.150936 0.988551 -0.988544 
0.181818 0.180818 0.983517 -0.983517 
0.212121 0.210534 0.977571 -0.977587 
0.242424 0.240056  0.97074 -0.970759 
0.272727 0.269358  0.96303 -0.96304 
 0.30303 0.298413 0.954442 -0.954437 
0.333333 0.327194 0.944974 -0.944957 
0.363636 0.355675 0.934628 -0.93461 
0.393939 0.383829 0.923403 -0.923404 
0.424242  0.41163 0.911323 -0.911351 
0.454545 0.439053 0.898433 -0.898461 
0.484848 0.466072 0.884737 -0.884746 
0.515152 0.492665 0.870233 -0.870218 
0.545455 0.518806 0.854922 -0.854892 
0.575758  0.54447 0.838804 -0.83878 
0.606061 0.569634 0.821881 -0.821899 
0.636364 0.594274 0.804221 -0.804262 
0.666667 0.618368 0.785857 -0.785888 
 0.69697 0.641894  0.76679 -0.766791 
0.727273 0.664833  0.74702 -0.746991 
0.757576 0.687161 0.726546 -0.726505 
0.787879 0.708859 0.705368 -0.705351 
0.818182 0.729904 0.683511 -0.68355 
0.848485 0.750278 0.661072 -0.661121 
0.878788 0.769963  0.63806 -0.638086 
0.909091 0.788942 0.614477 -0.614464 
0.939394 0.807198 0.590322 -0.590278 
0.969697 0.824714 0.565596 -0.56555 
       1 0.841471 0.540297 -0.540303 
  1.0303 0.857454 0.514505 -0.51456 
 1.06061 0.872649 0.488295 -0.488344 
 1.09091 0.887043 0.461667 -0.46168 
 1.12121 0.900624 0.434623 -0.434592 
 1.15152  0.91338 0.407161 -0.407105 
 1.18182 0.925297 0.379282 -0.379245 
 1.21212 0.936362    0.351 -0.351035 
 1.24242 0.946567  0.32244 -0.322504 
 1.27273 0.955902 0.293635 -0.293677 
 1.30303  0.96436 0.264584 -0.264579 
 1.33333 0.971935 0.235286 -0.235239 
 1.36364 0.978618 0.205743 -0.205683 
 1.39394 0.984401 0.175953 -0.175938 
 1.42424 0.989279 0.145975 -0.146032 
 1.45455 0.993248 0.115929 -0.115991 
 1.48485 0.996305 0.0858176 -0.0858441 
 1.51515 0.998448 0.0556411 -0.0556183 
 1.54545 0.999676 0.0253995 -0.0253413 
 1.57576 0.999987 -0.00490711 0.00495892 
 1.60606 0.999378 -0.0352751 0.0352547 
 1.63636  0.99785 -0.0655834 0.065518 
 1.66667 0.995405 -0.0957731 0.0957211 
 1.69697 0.992047 -0.125844 0.125836 
 1.72727 0.987779 -0.155797 0.155836 
 1.75758 0.982605 -0.185631 0.185693 
 1.78788  0.97653 -0.215347 0.215379 
 1.81818 0.969556 -0.244912 0.244867 
 1.84848  0.96169 -0.274194 0.274131 
 1.87879 0.952941 -0.303178 0.303142 
 1.90909 0.943318 -0.331866 0.331876 
 1.93939 0.932831 -0.360256 0.360304 
  1.9697 0.921487 -0.388348 0.388402 
       2 0.909297 -0.416143 0.416144 
  2.0303  0.89627 -0.443557 0.443503 
 2.06061  0.88242 -0.470507 0.470455 
 2.09091  0.86776 -0.496993 0.496975 
 2.12121 0.852304 -0.523014 0.523038 
 2.15152 0.836066 -0.548571 0.548622 
 2.18182 0.819062 -0.573663 0.573701 
 2.21212 0.801304 -0.59828 0.598254 
 2.24242 0.782808 -0.62231 0.622258 
 2.27273 0.763594 -0.645727  0.64569 
 2.30303  0.74368 -0.668531 0.668529 
 2.33333 0.723083 -0.690723 0.690754 
 2.36364 0.701824 -0.712302 0.712345 
 2.39394  0.67992 -0.733267 0.733283 
 2.42424  0.65739 -0.753581 0.753546 
 2.45455 0.634256 -0.77316 0.773118 
 2.48485 0.610539 -0.792002  0.79198 
 2.51515 0.586263 -0.810107 0.810115 
 2.54545 0.561449 -0.827475 0.827506 
 2.57576  0.53612 -0.844107 0.844137 
 2.60606 0.510299 -0.859999 0.859993 
 2.63636 0.484007 -0.87509 0.875059 
 2.66667 0.457271 -0.88935 0.889322 
 2.69697 0.430116 -0.902778 0.902769 
 2.72727 0.402566 -0.915375 0.915386 
 2.75758 0.374647 -0.92714 0.927163 
 2.78788 0.346384 -0.938073 0.938088 
 2.81818 0.317802 -0.948164 0.948153 
 2.84848 0.288928 -0.957367 0.957346 
 2.87879 0.259789 -0.965676 0.965661 
 2.90909 0.230412 -0.973093 0.973089 
 2.93939 0.200823 -0.979616 0.979623 
  2.9697  0.17105 -0.985246 0.985258 
       3  0.14112 -0.989984 0.989988 
  3.0303  0.11106 -0.993815 0.993809 
 3.06061 0.0808981 -0.996727 0.996718 
 3.09091 0.0506617 -0.99872 0.998711 
 3.12121 0.0203789 -0.999794 0.999788 
 3.15152 -0.00992257 -0.999949 0.999946 
 3.18182 -0.0402148 -0.999185 0.999187 
 3.21212 -0.07047 -0.997503 0.997509 
 3.24242 -0.10066 -0.994911 0.994916 
 3.27273 -0.130758 -0.99141  0.99141 
 3.30303 -0.160737 -0.987002 0.986993 
 3.33333 -0.190568 -0.981684  0.98167 
 3.36364 -0.220224 -0.975459 0.975445 
 3.39394 -0.249677 -0.968325 0.968325 
 3.42424 -0.278901 -0.960298 0.960315 
 3.45455 -0.307868 -0.951409 0.951424 
 3.48485 -0.336553 -0.941658  0.94166 
 3.51515 -0.36493 -0.931046  0.93103 
 3.54545 -0.392972 -0.919573 0.919546 
 3.57576 -0.420653 -0.907238 0.907217 
 3.60606 -0.447947 -0.894044 0.894056 
 3.63636 -0.474829 -0.880043 0.880073 
 3.66667 -0.501275 -0.865263 0.865283 
 3.69697 -0.527261 -0.849702 0.849698 
 3.72727 -0.552764 -0.833361 0.833332 
 3.75758 -0.57776 -0.81624 0.816202 
 3.78788 -0.602226 -0.798339 0.798322 
 3.81818 -0.626137 -0.779679 0.779709 
 3.84848 -0.649472 -0.760341  0.76038 
 3.87879 -0.672211 -0.740336 0.740353 
 3.90909 -0.694334 -0.719663 0.719646 
 3.93939 -0.715821 -0.698322 0.698279 
  3.9697 -0.73665 -0.676314  0.67627 
       4 -0.756802 -0.653638  0.65364 
  4.0303 -0.776258 -0.630363  0.63041 
 4.06061 -0.795001 -0.60656 0.606601 
 4.09091 -0.813014 -0.582229 0.582235 
 4.12121 -0.830282 -0.557368 0.557335 
 4.15152 -0.846789 -0.531979 0.531923 
 4.18182 -0.862518 -0.506061 0.506022 
 4.21212 -0.877454 -0.479627 0.479657 
 4.24242 -0.891582 -0.452796 0.452852 
 4.27273 -0.904892 -0.425596  0.42563 
 4.30303 -0.917372 -0.398027 0.398018 
 4.33333 -0.929011 -0.37009  0.37004 
 4.36364 -0.939798 -0.341784 0.341723 
 4.39394 -0.949722 -0.313109 0.313092 
 4.42424 -0.958771 -0.284122 0.284173 
 4.45455 -0.966939 -0.254937 0.254993 
 4.48485 -0.97422 -0.225559 0.225579 
 4.51515 -0.980608 -0.195986 0.195958 
 4.54545 -0.986096 -0.16622 0.166158 
 4.57576 -0.99068 -0.136259 0.136204 
 4.60606 -0.994352 -0.106109 0.106126 
 4.63636 -0.99711 -0.0758885 0.0759496 
 4.66667 -0.998952 -0.0456568 0.045704 
 4.69697 -0.999877 -0.0154136 0.0154164 
 4.72727 -0.999886 0.0148409 -0.0148854 
 4.75758 -0.998977 0.0451068 -0.0451735 
 4.78788 -0.997152 0.0753841 -0.0754202 
 4.81818 -0.994409  0.10564 -0.105598 
 4.84848 -0.990751 0.135739 -0.135678 
 4.87879 -0.986184 0.165666 -0.165634 
 4.90909 -0.980712 0.195422 -0.195438 
 4.93939 -0.974342 0.225006 -0.225062 
  4.9697 -0.967077 0.254419 -0.25448 
       5 -0.958924  0.28366 -0.283664 
  5.0303 -0.949889 0.312641 -0.312587 
 5.06061 -0.93998 0.341275 -0.341224 
 5.09091 -0.929209 0.369561 -0.369547 
 5.12121 -0.917586   0.3975 -0.397531 
 5.15152 -0.905121  0.42509 -0.42515 
 5.18182 -0.891826 0.452333 -0.452379 
 5.21212 -0.877711 0.479216 -0.479192 
 5.24242 -0.862788 0.505618 -0.505565 
 5.27273 -0.847072  0.53151 -0.531474 
 5.30303 -0.83058 0.556892 -0.556895 
 5.33333 -0.813327 0.581764 -0.581804 
 5.36364 -0.795327 0.606126 -0.60618 
 5.39394 -0.776597 0.629978 -0.629999 
 5.42424 -0.757152 0.653275 -0.653239 
 5.45455 -0.737011 0.675923 -0.67588 
 5.48485 -0.716194 0.697919  -0.6979 
 5.51515 -0.694719 0.719263 -0.719279 
 5.54545 -0.672608 0.739955 -0.739997 
 5.57576 -0.64988 0.759996 -0.760037 
 5.60606 -0.626555 0.779382 -0.779378 
 5.63636 -0.602652 0.798038 -0.798004 
 5.66667 -0.578196 0.815926 -0.815897 
 5.69697 -0.55321 0.833046 -0.833041 
 5.72727 -0.527717 0.849398 -0.84942 
 5.75758 -0.501739 0.864983 -0.865019 
 5.78788 -0.475301   0.8798 -0.879823 
 5.81818 -0.448426 0.893834 -0.89382 
 5.84848 -0.421138 0.907021 -0.906996 
 5.87879 -0.393463 0.919355 -0.91934 
 5.90909 -0.365428 0.930837 -0.930839 
 5.93939 -0.337058 0.941465 -0.941484 
  5.9697 -0.308378  0.95124 -0.951264 
       6 -0.279415 0.960162 -0.96017 
  6.0303 -0.250196 0.968205 -0.968195 
 6.06061 -0.220746 0.975344 -0.975331 
 6.09091 -0.191093 0.981578 -0.981572 
 6.12121 -0.161265 0.986908 -0.986911 
 6.15152 -0.131289 0.991334 -0.991344 
 6.18182 -0.101193 0.994855 -0.994867 
 6.21212 -0.0710044  0.99747 -0.997476 
 6.24242 -0.04075 0.999169 -0.999169 
 6.27273 -0.010458 0.999948 -0.999945 
 6.30303 0.0198436 0.999807 -0.999803 
 6.33333 0.0501271 0.998746 -0.998743 
 6.36364 0.0803644 0.996766 -0.996766 
 6.39394 0.110528 0.993866 -0.993873 
 6.42424  0.14059 0.990054 -0.990068 
 6.45455 0.170522 0.985342 -0.985354 
 6.48485 0.200298 0.979733 -0.979735 
 6.51515 0.229891 0.973225 -0.973216 
 6.54545 0.259272 0.965819 -0.965804 
 6.57576 0.288416 0.957514 -0.957505 
 6.60606 0.317295 0.948313 -0.948327 
 6.63636 0.345881 0.938252 -0.938278 
 6.66667  0.37415  0.92735 -0.927368 
 6.69697 0.402075 0.915607 -0.915606 
 6.72727 0.429633 0.903023 -0.903003 
 6.75758 0.456796 0.889598 -0.889572 
 6.78788 0.483539 0.875332 -0.875323 
 6.81818 0.509838 0.860241 -0.860271 
 6.84848 0.535667 0.844392 -0.844429 
 6.87879 0.561005 0.827794 -0.827811 
 6.90909 0.585829 0.810445 -0.810433 
 6.93939 0.610116 0.792345 -0.792312 
  6.9697 0.633842 0.773496 -0.773462 
       7 0.656987 0.753896 -0.753903 
  7.0303 0.679526 0.733606 -0.733651 
 7.06061 0.701441 0.712686 -0.712726 
 7.09091 0.722713 0.691137 -0.691146 
 7.12121 0.743322 0.668958 -0.668932 
 7.15152 0.763249 0.646149 -0.646103 
 7.18182 0.782476 0.622711 -0.622681 
 7.21212 0.800983 0.598655 -0.598688 
 7.24242 0.818753 0.574089 -0.574144 
 7.27273 0.835771 0.549038 -0.549074 
 7.30303 0.852023 0.523504 -0.523499 
 7.33333 0.867494 0.497486 -0.497444 
 7.36364 0.882169 0.470984 -0.470932 
 7.39394 0.896034 0.443999 -0.443987 
 7.42424 0.909074 0.416582 -0.416635 
 7.45455 0.921278 0.388843  -0.3889 
 7.48485 0.932637 0.360785 -0.360809 
 7.51515  0.94314 0.332408 -0.332385 
 7.54545 0.952779 0.303713 -0.303657 
 7.57576 0.961544 0.274699 -0.27465 
 7.60606 0.969425 0.245369 -0.245391 
 7.63636 0.976413 0.215841 -0.215906 
 7.66667 0.982504 0.186173 -0.186223 
 7.69697 0.987695 0.156363 -0.15637 
 7.72727  0.99198 0.126412 -0.126372 
