Task A

To test that the implementation works, we start by generating a random symmetric matrix A
  0.840188   0.394383   0.783099    0.79844   0.911647   0.197551   0.335223    0.76823   0.277775    0.55397 
  0.394383   0.477397   0.628871   0.364784   0.513401    0.95223   0.916195   0.635712   0.717297   0.141603 
  0.783099   0.628871   0.606969  0.0163006   0.242887   0.137232   0.804177   0.156679   0.400944    0.12979 
   0.79844   0.364784  0.0163006   0.108809   0.998925   0.218257   0.512932   0.839112    0.61264   0.296032 
  0.911647   0.513401   0.242887   0.998925   0.637552   0.524287   0.493583   0.972775   0.292517   0.771358 
  0.197551    0.95223   0.137232   0.218257   0.524287   0.526745   0.769914   0.400229   0.891529   0.283315 
  0.335223   0.916195   0.804177   0.512932   0.493583   0.769914   0.352458   0.807725   0.919026  0.0697553 
   0.76823   0.635712   0.156679   0.839112   0.972775   0.400229   0.807725   0.949327   0.525995  0.0860558 
  0.277775   0.717297   0.400944    0.61264   0.292517   0.891529   0.919026   0.525995   0.192214   0.663227 
   0.55397   0.141603    0.12979   0.296032   0.771358   0.283315  0.0697553  0.0860558   0.663227   0.890233 

Then we run the Jacobi eigenvalue algorithm and see that the we have the eigenvalues in a matrix D given by
  -1.11712          0          0          0          0          0          0          0          0          0 
         0  -0.868987          0          0          0          0          0          0          0          0 
         0          0   -0.55308          0          0          0          0          0          0          0 
         0          0          0  -0.367195          0          0          0          0          0          0 
         0          0          0          0   -0.29824          0          0          0          0          0 
         0          0          0          0          0 -0.0814937          0          0          0          0 
         0          0          0          0          0          0   0.886114          0          0          0 
         0          0          0          0          0          0          0   0.989395          0          0 
         0          0          0          0          0          0          0          0    1.54875          0 
         0          0          0          0          0          0          0          0          0    5.44375 

with corresponding eigen vectors in a matrix V given by
  0.174545   0.267148 -0.0105242   0.352721   0.459817   0.292478   0.420952   0.165521  -0.396775   0.338584 
 0.0405235  0.0445141   0.757412  0.0909192  -0.238149   0.328112 0.00517286 0.00863663   0.370223   0.336002 
 -0.217048   -0.42384  -0.174349  -0.126191  -0.222576  -0.116813   0.746615   0.114915   0.202424   0.228316 
 -0.539615  -0.159889   0.267543  -0.460687   0.424567  -0.111808  -0.195627   0.127367  -0.253264   0.296728 
  0.399136 -0.0975958  -0.200689  -0.484145  -0.392756   0.320711  -0.146389 -0.00440771   -0.37422   0.371334 
 -0.311107   -0.11752  -0.470294   0.179839     0.1603   0.498336  -0.260352  -0.264809   0.372187   0.292264 
-0.00973216   0.722379  -0.209973   -0.26884 -0.0328318  -0.319742  0.0343917   0.106311   0.352986   0.348301 
-0.0958455  -0.164446 -0.0970183   0.513528  -0.298035   -0.33553  -0.345881   0.454438  -0.140954   0.378453 
   0.55167  -0.357508  0.0392521 0.00229998   0.408701  -0.394592 -0.0893586  -0.284626    0.23875   0.312353 
 -0.244704   0.146369  0.0880011   0.190881  -0.255271  -0.242776  0.0951544  -0.757713  -0.346919   0.216509 

Now we can calculate V^(T)AV and see that we obtain D again:
  -1.11712          0          0          0          0          0          0          0          0          0 
         0  -0.868987          0          0          0          0          0          0          0          0 
         0          0   -0.55308          0          0          0          0          0          0          0 
         0          0          0  -0.367195          0          0          0          0          0          0 
         0          0          0          0   -0.29824          0          0          0          0          0 
         0          0          0          0          0 -0.0814937          0          0          0          0 
         0          0          0          0          0          0   0.886114          0          0          0 
         0          0          0          0          0          0          0   0.989395          0          0 
         0          0          0          0          0          0          0          0    1.54875          0 
         0          0          0          0          0          0          0          0          0    5.44375 

Furthermore we calculate VDV^(T) and see that we get back our original matrix
  0.840188   0.394383   0.783099    0.79844   0.911647   0.197551   0.335223    0.76823   0.277775    0.55397 
  0.394383   0.477397   0.628871   0.364784   0.513401    0.95223   0.916195   0.635712   0.717297   0.141603 
  0.783099   0.628871   0.606969  0.0163006   0.242887   0.137232   0.804177   0.156679   0.400944    0.12979 
   0.79844   0.364784  0.0163006   0.108809   0.998925   0.218257   0.512932   0.839112    0.61264   0.296032 
  0.911647   0.513401   0.242887   0.998925   0.637552   0.524287   0.493583   0.972775   0.292517   0.771358 
  0.197551    0.95223   0.137232   0.218257   0.524287   0.526745   0.769914   0.400229   0.891529   0.283315 
  0.335223   0.916195   0.804177   0.512932   0.493583   0.769914   0.352458   0.807725   0.919026  0.0697553 
   0.76823   0.635712   0.156679   0.839112   0.972775   0.400229   0.807725   0.949327   0.525995  0.0860558 
  0.277775   0.717297   0.400944    0.61264   0.292517   0.891529   0.919026   0.525995   0.192214   0.663227 
   0.55397   0.141603    0.12979   0.296032   0.771358   0.283315  0.0697553  0.0860558   0.663227   0.890233 

Lastly we can calculate that V^(T)V is equal to
         1          0          0          0          0          0          0          0          0          0 
         0          1          0          0          0          0          0          0          0          0 
         0          0          1          0          0          0          0          0          0          0 
         0          0          0          1          0          0          0          0          0          0 
         0          0          0          0          1          0          0          0          0          0 
         0          0          0          0          0          1          0          0          0          0 
         0          0          0          0          0          0          1          0          0          0 
         0          0          0          0          0          0          0          1          0          0 
         0          0          0          0          0          0          0          0          1          0 
         0          0          0          0          0          0          0          0          0          1 

and hence we can conclude that the implementation works as we would expect.



Task B

We start by bulding the hamiltonian matrix:
      7442      -3721          0          0          0          0          0          0          0          0          0          0          0          0          0          0          0          0          0          0          0          0          0          0          0          0          0          0          0          0          0          0          0          0          0          0          0          0          0          0          0          0          0          0          0          0          0          0          0          0          0          0          0          0          0          0          0          0          0          0 
     -3721       7442      -3721          0          0          0          0          0          0          0          0          0          0          0          0          0          0          0          0          0          0          0          0          0          0          0          0          0          0          0          0          0          0          0          0          0          0          0          0          0          0          0          0          0          0          0          0          0          0          0          0          0          0          0          0          0          0          0          0          0 
         0      -3721       7442      -3721          0          0          0          0          0          0          0          0          0          0          0          0          0          0          0          0          0          0          0          0          0          0          0          0          0          0          0          0          0          0          0          0          0          0          0          0          0          0          0          0          0          0          0          0          0          0          0          0          0          0          0          0          0          0          0          0 
         0          0      -3721       7442      -3721          0          0          0          0          0          0          0          0          0          0          0          0          0          0          0          0          0          0          0          0          0          0          0          0          0          0          0          0          0          0          0          0          0          0          0          0          0          0          0          0          0          0          0          0          0          0          0          0          0          0          0          0          0          0          0 
         0          0          0      -3721       7442      -3721          0          0          0          0          0          0          0          0          0          0          0          0          0          0          0          0          0          0          0          0          0          0          0          0          0          0          0          0          0          0          0          0          0          0          0          0          0          0          0          0          0          0          0          0          0          0          0          0          0          0          0          0          0          0 
         0          0          0          0      -3721       7442      -3721          0          0          0          0          0          0          0          0          0          0          0          0          0          0          0          0          0          0          0          0          0          0          0          0          0          0          0          0          0          0          0          0          0          0          0          0          0          0          0          0          0          0          0          0          0          0          0          0          0          0          0          0          0 
         0          0          0          0          0      -3721       7442      -3721          0          0          0          0          0          0          0          0          0          0          0          0          0          0          0          0          0          0          0          0          0          0          0          0          0          0          0          0          0          0          0          0          0          0          0          0          0          0          0          0          0          0          0          0          0          0          0          0          0          0          0          0 
         0          0          0          0          0          0      -3721       7442      -3721          0          0          0          0          0          0          0          0          0          0          0          0          0          0          0          0          0          0          0          0          0          0          0          0          0          0          0          0          0          0          0          0          0          0          0          0          0          0          0          0          0          0          0          0          0          0          0          0          0          0          0 
         0          0          0          0          0          0          0      -3721       7442      -3721          0          0          0          0          0          0          0          0          0          0          0          0          0          0          0          0          0          0          0          0          0          0          0          0          0          0          0          0          0          0          0          0          0          0          0          0          0          0          0          0          0          0          0          0          0          0          0          0          0          0 
         0          0          0          0          0          0          0          0      -3721       7442      -3721          0          0          0          0          0          0          0          0          0          0          0          0          0          0          0          0          0          0          0          0          0          0          0          0          0          0          0          0          0          0          0          0          0          0          0          0          0          0          0          0          0          0          0          0          0          0          0          0          0 
         0          0          0          0          0          0          0          0          0      -3721       7442      -3721          0          0          0          0          0          0          0          0          0          0          0          0          0          0          0          0          0          0          0          0          0          0          0          0          0          0          0          0          0          0          0          0          0          0          0          0          0          0          0          0          0          0          0          0          0          0          0          0 
         0          0          0          0          0          0          0          0          0          0      -3721       7442      -3721          0          0          0          0          0          0          0          0          0          0          0          0          0          0          0          0          0          0          0          0          0          0          0          0          0          0          0          0          0          0          0          0          0          0          0          0          0          0          0          0          0          0          0          0          0          0          0 
         0          0          0          0          0          0          0          0          0          0          0      -3721       7442      -3721          0          0          0          0          0          0          0          0          0          0          0          0          0          0          0          0          0          0          0          0          0          0          0          0          0          0          0          0          0          0          0          0          0          0          0          0          0          0          0          0          0          0          0          0          0          0 
         0          0          0          0          0          0          0          0          0          0          0          0      -3721       7442      -3721          0          0          0          0          0          0          0          0          0          0          0          0          0          0          0          0          0          0          0          0          0          0          0          0          0          0          0          0          0          0          0          0          0          0          0          0          0          0          0          0          0          0          0          0          0 
         0          0          0          0          0          0          0          0          0          0          0          0          0      -3721       7442      -3721          0          0          0          0          0          0          0          0          0          0          0          0          0          0          0          0          0          0          0          0          0          0          0          0          0          0          0          0          0          0          0          0          0          0          0          0          0          0          0          0          0          0          0          0 
         0          0          0          0          0          0          0          0          0          0          0          0          0          0      -3721       7442      -3721          0          0          0          0          0          0          0          0          0          0          0          0          0          0          0          0          0          0          0          0          0          0          0          0          0          0          0          0          0          0          0          0          0          0          0          0          0          0          0          0          0          0          0 
         0          0          0          0          0          0          0          0          0          0          0          0          0          0          0      -3721       7442      -3721          0          0          0          0          0          0          0          0          0          0          0          0          0          0          0          0          0          0          0          0          0          0          0          0          0          0          0          0          0          0          0          0          0          0          0          0          0          0          0          0          0          0 
         0          0          0          0          0          0          0          0          0          0          0          0          0          0          0          0      -3721       7442      -3721          0          0          0          0          0          0          0          0          0          0          0          0          0          0          0          0          0          0          0          0          0          0          0          0          0          0          0          0          0          0          0          0          0          0          0          0          0          0          0          0          0 
         0          0          0          0          0          0          0          0          0          0          0          0          0          0          0          0          0      -3721       7442      -3721          0          0          0          0          0          0          0          0          0          0          0          0          0          0          0          0          0          0          0          0          0          0          0          0          0          0          0          0          0          0          0          0          0          0          0          0          0          0          0          0 
         0          0          0          0          0          0          0          0          0          0          0          0          0          0          0          0          0          0      -3721       7442      -3721          0          0          0          0          0          0          0          0          0          0          0          0          0          0          0          0          0          0          0          0          0          0          0          0          0          0          0          0          0          0          0          0          0          0          0          0          0          0          0 
         0          0          0          0          0          0          0          0          0          0          0          0          0          0          0          0          0          0          0      -3721       7442      -3721          0          0          0          0          0          0          0          0          0          0          0          0          0          0          0          0          0          0          0          0          0          0          0          0          0          0          0          0          0          0          0          0          0          0          0          0          0          0 
         0          0          0          0          0          0          0          0          0          0          0          0          0          0          0          0          0          0          0          0      -3721       7442      -3721          0          0          0          0          0          0          0          0          0          0          0          0          0          0          0          0          0          0          0          0          0          0          0          0          0          0          0          0          0          0          0          0          0          0          0          0          0 
         0          0          0          0          0          0          0          0          0          0          0          0          0          0          0          0          0          0          0          0          0      -3721       7442      -3721          0          0          0          0          0          0          0          0          0          0          0          0          0          0          0          0          0          0          0          0          0          0          0          0          0          0          0          0          0          0          0          0          0          0          0          0 
         0          0          0          0          0          0          0          0          0          0          0          0          0          0          0          0          0          0          0          0          0          0      -3721       7442      -3721          0          0          0          0          0          0          0          0          0          0          0          0          0          0          0          0          0          0          0          0          0          0          0          0          0          0          0          0          0          0          0          0          0          0          0 
         0          0          0          0          0          0          0          0          0          0          0          0          0          0          0          0          0          0          0          0          0          0          0      -3721       7442      -3721          0          0          0          0          0          0          0          0          0          0          0          0          0          0          0          0          0          0          0          0          0          0          0          0          0          0          0          0          0          0          0          0          0          0 
         0          0          0          0          0          0          0          0          0          0          0          0          0          0          0          0          0          0          0          0          0          0          0          0      -3721       7442      -3721          0          0          0          0          0          0          0          0          0          0          0          0          0          0          0          0          0          0          0          0          0          0          0          0          0          0          0          0          0          0          0          0          0 
         0          0          0          0          0          0          0          0          0          0          0          0          0          0          0          0          0          0          0          0          0          0          0          0          0      -3721       7442      -3721          0          0          0          0          0          0          0          0          0          0          0          0          0          0          0          0          0          0          0          0          0          0          0          0          0          0          0          0          0          0          0          0 
         0          0          0          0          0          0          0          0          0          0          0          0          0          0          0          0          0          0          0          0          0          0          0          0          0          0      -3721       7442      -3721          0          0          0          0          0          0          0          0          0          0          0          0          0          0          0          0          0          0          0          0          0          0          0          0          0          0          0          0          0          0          0 
         0          0          0          0          0          0          0          0          0          0          0          0          0          0          0          0          0          0          0          0          0          0          0          0          0          0          0      -3721       7442      -3721          0          0          0          0          0          0          0          0          0          0          0          0          0          0          0          0          0          0          0          0          0          0          0          0          0          0          0          0          0          0 
         0          0          0          0          0          0          0          0          0          0          0          0          0          0          0          0          0          0          0          0          0          0          0          0          0          0          0          0      -3721       7442      -3721          0          0          0          0          0          0          0          0          0          0          0          0          0          0          0          0          0          0          0          0          0          0          0          0          0          0          0          0          0 
         0          0          0          0          0          0          0          0          0          0          0          0          0          0          0          0          0          0          0          0          0          0          0          0          0          0          0          0          0      -3721       7442      -3721          0          0          0          0          0          0          0          0          0          0          0          0          0          0          0          0          0          0          0          0          0          0          0          0          0          0          0          0 
         0          0          0          0          0          0          0          0          0          0          0          0          0          0          0          0          0          0          0          0          0          0          0          0          0          0          0          0          0          0      -3721       7442      -3721          0          0          0          0          0          0          0          0          0          0          0          0          0          0          0          0          0          0          0          0          0          0          0          0          0          0          0 
         0          0          0          0          0          0          0          0          0          0          0          0          0          0          0          0          0          0          0          0          0          0          0          0          0          0          0          0          0          0          0      -3721       7442      -3721          0          0          0          0          0          0          0          0          0          0          0          0          0          0          0          0          0          0          0          0          0          0          0          0          0          0 
         0          0          0          0          0          0          0          0          0          0          0          0          0          0          0          0          0          0          0          0          0          0          0          0          0          0          0          0          0          0          0          0      -3721       7442      -3721          0          0          0          0          0          0          0          0          0          0          0          0          0          0          0          0          0          0          0          0          0          0          0          0          0 
         0          0          0          0          0          0          0          0          0          0          0          0          0          0          0          0          0          0          0          0          0          0          0          0          0          0          0          0          0          0          0          0          0      -3721       7442      -3721          0          0          0          0          0          0          0          0          0          0          0          0          0          0          0          0          0          0          0          0          0          0          0          0 
         0          0          0          0          0          0          0          0          0          0          0          0          0          0          0          0          0          0          0          0          0          0          0          0          0          0          0          0          0          0          0          0          0          0      -3721       7442      -3721          0          0          0          0          0          0          0          0          0          0          0          0          0          0          0          0          0          0          0          0          0          0          0 
         0          0          0          0          0          0          0          0          0          0          0          0          0          0          0          0          0          0          0          0          0          0          0          0          0          0          0          0          0          0          0          0          0          0          0      -3721       7442      -3721          0          0          0          0          0          0          0          0          0          0          0          0          0          0          0          0          0          0          0          0          0          0 
         0          0          0          0          0          0          0          0          0          0          0          0          0          0          0          0          0          0          0          0          0          0          0          0          0          0          0          0          0          0          0          0          0          0          0          0      -3721       7442      -3721          0          0          0          0          0          0          0          0          0          0          0          0          0          0          0          0          0          0          0          0          0 
         0          0          0          0          0          0          0          0          0          0          0          0          0          0          0          0          0          0          0          0          0          0          0          0          0          0          0          0          0          0          0          0          0          0          0          0          0      -3721       7442      -3721          0          0          0          0          0          0          0          0          0          0          0          0          0          0          0          0          0          0          0          0 
         0          0          0          0          0          0          0          0          0          0          0          0          0          0          0          0          0          0          0          0          0          0          0          0          0          0          0          0          0          0          0          0          0          0          0          0          0          0      -3721       7442      -3721          0          0          0          0          0          0          0          0          0          0          0          0          0          0          0          0          0          0          0 
         0          0          0          0          0          0          0          0          0          0          0          0          0          0          0          0          0          0          0          0          0          0          0          0          0          0          0          0          0          0          0          0          0          0          0          0          0          0          0      -3721       7442      -3721          0          0          0          0          0          0          0          0          0          0          0          0          0          0          0          0          0          0 
         0          0          0          0          0          0          0          0          0          0          0          0          0          0          0          0          0          0          0          0          0          0          0          0          0          0          0          0          0          0          0          0          0          0          0          0          0          0          0          0      -3721       7442      -3721          0          0          0          0          0          0          0          0          0          0          0          0          0          0          0          0          0 
         0          0          0          0          0          0          0          0          0          0          0          0          0          0          0          0          0          0          0          0          0          0          0          0          0          0          0          0          0          0          0          0          0          0          0          0          0          0          0          0          0      -3721       7442      -3721          0          0          0          0          0          0          0          0          0          0          0          0          0          0          0          0 
         0          0          0          0          0          0          0          0          0          0          0          0          0          0          0          0          0          0          0          0          0          0          0          0          0          0          0          0          0          0          0          0          0          0          0          0          0          0          0          0          0          0      -3721       7442      -3721          0          0          0          0          0          0          0          0          0          0          0          0          0          0          0 
         0          0          0          0          0          0          0          0          0          0          0          0          0          0          0          0          0          0          0          0          0          0          0          0          0          0          0          0          0          0          0          0          0          0          0          0          0          0          0          0          0          0          0      -3721       7442      -3721          0          0          0          0          0          0          0          0          0          0          0          0          0          0 
         0          0          0          0          0          0          0          0          0          0          0          0          0          0          0          0          0          0          0          0          0          0          0          0          0          0          0          0          0          0          0          0          0          0          0          0          0          0          0          0          0          0          0          0      -3721       7442      -3721          0          0          0          0          0          0          0          0          0          0          0          0          0 
         0          0          0          0          0          0          0          0          0          0          0          0          0          0          0          0          0          0          0          0          0          0          0          0          0          0          0          0          0          0          0          0          0          0          0          0          0          0          0          0          0          0          0          0          0      -3721       7442      -3721          0          0          0          0          0          0          0          0          0          0          0          0 
         0          0          0          0          0          0          0          0          0          0          0          0          0          0          0          0          0          0          0          0          0          0          0          0          0          0          0          0          0          0          0          0          0          0          0          0          0          0          0          0          0          0          0          0          0          0      -3721       7442      -3721          0          0          0          0          0          0          0          0          0          0          0 
         0          0          0          0          0          0          0          0          0          0          0          0          0          0          0          0          0          0          0          0          0          0          0          0          0          0          0          0          0          0          0          0          0          0          0          0          0          0          0          0          0          0          0          0          0          0          0      -3721       7442      -3721          0          0          0          0          0          0          0          0          0          0 
         0          0          0          0          0          0          0          0          0          0          0          0          0          0          0          0          0          0          0          0          0          0          0          0          0          0          0          0          0          0          0          0          0          0          0          0          0          0          0          0          0          0          0          0          0          0          0          0      -3721       7442      -3721          0          0          0          0          0          0          0          0          0 
         0          0          0          0          0          0          0          0          0          0          0          0          0          0          0          0          0          0          0          0          0          0          0          0          0          0          0          0          0          0          0          0          0          0          0          0          0          0          0          0          0          0          0          0          0          0          0          0          0      -3721       7442      -3721          0          0          0          0          0          0          0          0 
         0          0          0          0          0          0          0          0          0          0          0          0          0          0          0          0          0          0          0          0          0          0          0          0          0          0          0          0          0          0          0          0          0          0          0          0          0          0          0          0          0          0          0          0          0          0          0          0          0          0      -3721       7442      -3721          0          0          0          0          0          0          0 
         0          0          0          0          0          0          0          0          0          0          0          0          0          0          0          0          0          0          0          0          0          0          0          0          0          0          0          0          0          0          0          0          0          0          0          0          0          0          0          0          0          0          0          0          0          0          0          0          0          0          0      -3721       7442      -3721          0          0          0          0          0          0 
         0          0          0          0          0          0          0          0          0          0          0          0          0          0          0          0          0          0          0          0          0          0          0          0          0          0          0          0          0          0          0          0          0          0          0          0          0          0          0          0          0          0          0          0          0          0          0          0          0          0          0          0      -3721       7442      -3721          0          0          0          0          0 
         0          0          0          0          0          0          0          0          0          0          0          0          0          0          0          0          0          0          0          0          0          0          0          0          0          0          0          0          0          0          0          0          0          0          0          0          0          0          0          0          0          0          0          0          0          0          0          0          0          0          0          0          0      -3721       7442      -3721          0          0          0          0 
         0          0          0          0          0          0          0          0          0          0          0          0          0          0          0          0          0          0          0          0          0          0          0          0          0          0          0          0          0          0          0          0          0          0          0          0          0          0          0          0          0          0          0          0          0          0          0          0          0          0          0          0          0          0      -3721       7442      -3721          0          0          0 
         0          0          0          0          0          0          0          0          0          0          0          0          0          0          0          0          0          0          0          0          0          0          0          0          0          0          0          0          0          0          0          0          0          0          0          0          0          0          0          0          0          0          0          0          0          0          0          0          0          0          0          0          0          0          0      -3721       7442      -3721          0          0 
         0          0          0          0          0          0          0          0          0          0          0          0          0          0          0          0          0          0          0          0          0          0          0          0          0          0          0          0          0          0          0          0          0          0          0          0          0          0          0          0          0          0          0          0          0          0          0          0          0          0          0          0          0          0          0          0      -3721       7442      -3721          0 
         0          0          0          0          0          0          0          0          0          0          0          0          0          0          0          0          0          0          0          0          0          0          0          0          0          0          0          0          0          0          0          0          0          0          0          0          0          0          0          0          0          0          0          0          0          0          0          0          0          0          0          0          0          0          0          0          0      -3721       7442      -3721 
         0          0          0          0          0          0          0          0          0          0          0          0          0          0          0          0          0          0          0          0          0          0          0          0          0          0          0          0          0          0          0          0          0          0          0          0          0          0          0          0          0          0          0          0          0          0          0          0          0          0          0          0          0          0          0          0          0          0      -3721       7442 

Then we diagonalize our hamiltonian with our algorithm and get the eigenvalues:
   9.86742          0          0          0          0          0          0          0          0          0          0          0          0          0          0          0          0          0          0          0          0          0          0          0          0          0          0          0          0          0          0          0          0          0          0          0          0          0          0          0          0          0          0          0          0          0          0          0          0          0          0          0          0          0          0          0          0          0          0          0 
         0    39.4435          0          0          0          0          0          0          0          0          0          0          0          0          0          0          0          0          0          0          0          0          0          0          0          0          0          0          0          0          0          0          0          0          0          0          0          0          0          0          0          0          0          0          0          0          0          0          0          0          0          0          0          0          0          0          0          0          0          0 
         0          0    88.6499          0          0          0          0          0          0          0          0          0          0          0          0          0          0          0          0          0          0          0          0          0          0          0          0          0          0          0          0          0          0          0          0          0          0          0          0          0          0          0          0          0          0          0          0          0          0          0          0          0          0          0          0          0 1.09725e-05          0          0          0 
         0          0          0    157.356          0          0          0          0          0          0          0          0          0          0          0          0          0          0          0          0          0          0          0          0          0          0          0          0          0          0          0          0          0          0          0          0          0          0          0          0          0          0          0          0          0          0          0          0          0          0          0          0          0          0          0          0          0          0          0          0 
         0          0          0          0     245.38          0          0          0          0          0          0          0          0          0          0          0          0          0          0          0          0          0          0          0          0          0          0          0          0          0          0          0          0          0          0          0          0          0          0          0          0          0          0          0          0          0          0          0          0          0          0          0          0          0          0          0          0          0          0          0 
         0          0          0          0          0    352.487          0          0          0          0          0          0          0          0          0          0          0          0          0          0          0          0          0 -1.35387e-05          0          0          0          0          0          0          0          0          0          0          0          0          0          0          0          0          0          0          0          0          0          0          0          0          0          0          0          0          0          0          0 -2.32372e-05          0          0          0          0 
         0          0          0          0          0          0    478.395          0          0          0          0          0          0          0          0          0          0          0          0          0          0 -1.18306e-05 -1.20457e-05          0          0          0          0          0          0          0          0          0          0          0          0          0          0          0          0          0          0          0          0          0          0          0          0          0          0          0          0          0          0          0          0 1.18275e-05 -1.15466e-05          0          0          0 
         0          0          0          0          0          0          0     622.77          0          0          0          0          0          0          0          0          0          0          0          0          0          0          0          0          0          0          0 1.02446e-05          0          0          0          0          0          0          0          0          0          0          0          0          0          0          0          0 1.32706e-05          0          0 -1.14237e-05 -1.00167e-05 -2.92948e-05 1.38929e-05          0          0 -1.8802e-05          0          0          0          0          0          0 
         0          0          0          0          0          0          0          0    785.227          0          0          0          0          0          0          0          0          0          0          0          0          0          0          0          0          0          0          0          0          0          0          0          0          0          0          0          0          0          0          0          0          0          0          0          0          0          0          0          0          0          0          0 -1.37992e-05 2.95463e-05          0 -1.43924e-05          0          0 1.73984e-05          0 
         0          0          0          0          0          0          0          0          0    965.337          0          0          0          0          0          0          0          0          0          0          0          0          0          0          0          0          0          0          0          0          0          0          0          0          0          0          0          0          0          0          0          0          0          0          0          0          0          0          0          0          0          0          0          0          0          0          0 -1.63123e-05          0          0 
         0          0          0          0          0          0          0          0          0          0    1162.62          0          0          0          0          0          0          0          0          0 -1.50598e-05          0          0 -1.26927e-05          0          0          0          0          0          0          0          0          0          0          0          0          0          0          0          0          0          0          0          0          0          0          0          0          0          0          0          0          0          0 2.06994e-05 -1.04221e-05          0 -1.39609e-05          0 -4.47057e-05 
         0          0          0          0          0          0          0          0          0          0          0    1376.56          0          0          0          0          0          0          0          0          0          0          0 -1.81819e-05          0          0          0          0          0          0          0          0          0          0          0          0          0          0          0          0          0          0          0          0          0          0          0          0          0 1.43648e-05          0          0 -1.00731e-05 1.16737e-05 4.1781e-05          0          0          0 -2.15366e-05 1.24192e-05 
         0          0          0          0          0          0          0          0          0          0          0          0    1606.58          0          0          0          0          0          0          0          0          0          0 -1.73262e-05          0          0          0          0          0          0          0          0          0          0          0          0          0          0          0          0          0          0          0          0          0          0          0          0          0          0          0          0          0          0          0          0          0 -1.33733e-05          0 -3.6877e-05 
         0          0          0          0          0          0          0          0          0          0          0          0          0    1852.08          0          0          0          0          0          0          0          0          0          0          0          0          0          0          0          0          0          0          0          0          0          0          0 -1.76445e-05          0 -1.33457e-05          0 1.24612e-05          0          0 -3.45461e-05 -2.31296e-05          0          0 1.75641e-05          0          0          0 -1.16972e-05          0          0          0 -1.36837e-05          0 -1.24416e-05          0 
         0          0          0          0          0          0          0          0          0          0          0          0          0          0     2112.4          0          0          0          0          0          0          0          0 1.5199e-05          0          0          0          0          0          0          0          0          0 -1.6188e-05          0 -2.79048e-05 4.19246e-05          0          0          0          0          0          0          0 -5.73172e-05 -4.99797e-05 -3.17236e-05 -2.1238e-05 2.03951e-05 1.48757e-05          0 -1.00097e-05 -1.01645e-05          0          0          0          0          0          0          0 
         0          0          0          0          0          0          0          0          0          0          0          0          0          0          0    2386.85          0          0          0          0 -2.20239e-05          0          0          0          0          0          0          0          0          0          0          0          0          0          0          0          0          0          0          0          0          0          0          0 5.34716e-05 5.12954e-05 3.42463e-05 2.42172e-05 -1.91653e-05 -1.33554e-05          0          0 1.02089e-05          0          0          0          0          0          0          0 
         0          0          0          0          0          0          0          0          0          0          0          0          0          0          0          0    2674.71          0          0          0          0          0          0 1.20559e-05          0          0          0          0          0          0          0          0          0          0          0          0          0          0          0 -2.29426e-05          0 -1.4608e-05          0          0          0          0          0          0          0          0          0          0          0          0          0 1.76252e-05          0          0          0          0 
         0          0          0          0          0          0          0          0          0          0          0          0          0          0          0          0          0    2975.21          0          0          0          0          0          0          0          0          0          0          0          0          0          0          0          0          0          0          0          0 2.46792e-05 -1.79386e-05 -3.7953e-05 -2.14584e-05 1.51113e-05          0 1.21501e-05 1.15651e-05          0          0          0          0          0          0          0          0          0          0          0          0          0          0 
         0          0          0          0          0          0          0          0          0          0          0          0          0          0          0          0          0          0    3287.55          0          0          0          0          0          0          0          0          0          0          0          0          0          0          0          0          0          0          0          0          0 4.30686e-05 1.77278e-05          0          0          0          0          0          0          0          0          0          0          0          0          0          0          0          0          0          0 
         0          0          0          0          0          0          0          0          0          0          0          0          0          0          0          0          0          0          0    3610.91          0          0          0          0          0          0          0          0          0          0          0          0          0          0          0          0          0          0          0          0 -1.94147e-05 -1.41587e-05          0          0          0          0          0          0          0          0          0          0          0          0          0          0          0          0          0          0 
         0          0          0          0          0          0          0          0          0          0 -1.50598e-05          0          0          0          0 -2.20239e-05          0          0          0          0    3944.43          0          0          0          0          0          0          0          0          0          0          0          0          0          0 3.7964e-05          0 4.24737e-05 -3.59285e-05 2.5922e-05          0          0          0          0          0          0          0          0          0          0          0          0          0          0          0          0          0          0          0          0 
         0          0          0          0          0          0 -1.18306e-05          0          0          0          0          0          0          0          0          0          0          0          0          0          0    4287.23          0          0          0          0 -1.96787e-05          0          0          0          0          0          0          0          0          0          0          0          0          0 1.53594e-05 1.38337e-05          0          0 -1.06761e-05          0          0          0          0          0          0          0          0          0          0          0          0          0          0          0 
         0          0          0          0          0          0 -1.20457e-05          0          0          0          0          0          0          0          0          0          0          0          0          0          0          0    4638.39          0          0          0 -1.61071e-05          0          0          0          0          0          0          0          0          0          0          0 -2.44564e-05 2.62525e-05 -1.17985e-05          0          0          0          0          0          0          0          0          0          0          0          0          0          0          0          0          0          0          0 
         0          0          0          0          0 -1.35387e-05          0          0          0          0 -1.26927e-05 -1.81819e-05 -1.73262e-05          0 1.5199e-05          0 1.20559e-05          0          0          0          0          0          0    4996.99          0          0          0          0          0          0          0          0          0          0          0          0          0          0          0          0 -3.55645e-05 -2.99822e-05 1.13891e-05 -1.55803e-05 2.04282e-05 1.08651e-05          0          0          0          0          0          0          0          0          0          0          0          0          0          0 
         0          0          0          0          0          0          0          0          0          0          0          0          0          0          0          0          0          0          0          0          0          0          0          0    5362.07          0          0          0          0          0          0          0          0          0          0          0          0          0          0          0 1.82654e-05          0          0          0          0          0          0          0          0          0          0          0          0          0          0          0          0          0          0          0 
         0          0          0          0          0          0          0          0          0          0          0          0          0          0          0          0          0          0          0          0          0          0          0          0          0    5732.66          0          0          0          0          0          0          0          0          0          0          0          0 -2.10569e-05 2.59054e-05 -1.87097e-05          0          0          0          0          0          0          0          0          0          0          0          0          0          0          0          0          0          0          0 
         0          0          0          0          0          0          0          0          0          0          0          0          0          0          0          0          0          0          0          0          0 -1.96787e-05 -1.61071e-05          0          0          0    6107.79          0 -1.06921e-05          0          0          0          0          0          0          0          0          0          0          0          0          0          0          0          0          0          0          0          0          0          0          0          0          0          0          0          0          0          0          0 
         0          0          0          0          0          0          0 1.02446e-05          0          0          0          0          0          0          0          0          0          0          0          0          0          0          0          0          0          0          0    6486.46          0          0          0          0          0          0          0          0          0          0          0          0          0          0          0          0          0          0          0          0          0          0          0          0          0          0          0          0          0          0          0          0 
         0          0          0          0          0          0          0          0          0          0          0          0          0          0          0          0          0          0          0          0          0          0          0          0          0          0 -1.06921e-05          0    6867.66          0          0          0          0          0          0          0          0          0          0          0 -1.17852e-05          0          0          0          0          0          0          0          0          0          0          0          0          0          0          0          0          0          0          0 
         0          0          0          0          0          0          0          0          0          0          0          0          0          0          0          0          0          0          0          0          0          0          0          0          0          0          0          0          0    7250.38          0          0          0          0          0          0          0          0          0          0          0  1.016e-05          0          0          0          0          0          0          0          0          0          0          0          0          0          0          0          0          0          0 
         0          0          0          0          0          0          0          0          0          0          0          0          0          0          0          0          0          0          0          0          0          0          0          0          0          0          0          0          0          0    7633.62          0          0          0          0          0          0          0          0          0          0 -1.04204e-05 1.06605e-05 -1.21337e-05          0          0          0          0          0          0          0          0          0          0          0          0          0          0          0          0 
         0          0          0          0          0          0          0          0          0          0          0          0          0          0          0          0          0          0          0          0          0          0          0          0          0          0          0          0          0          0          0    8016.34          0          0          0          0          0          0          0 1.04478e-05          0 1.25086e-05          0          0          0          0          0          0          0          0          0          0          0          0          0          0          0          0          0          0 
         0          0          0          0          0          0          0          0          0          0          0          0          0          0          0          0          0          0          0          0          0          0          0          0          0          0          0          0          0          0          0          0    8397.54          0          0          0          0          0          0          0 -1.51674e-05          0 1.26702e-05          0          0          0          0          0          0          0          0          0          0          0          0          0          0          0          0          0 
         0          0          0          0          0          0          0          0          0          0          0          0          0          0 -1.6188e-05          0          0          0          0          0          0          0          0          0          0          0          0          0          0          0          0          0          0    8776.21          0          0          0          0          0 1.65233e-05 -3.11721e-05          0          0          0          0          0          0          0          0          0 2.50795e-05          0          0          0          0 -3.07119e-05          0          0 -1.91349e-05          0 
         0          0          0          0          0          0          0          0          0          0          0          0          0          0          0          0          0          0          0          0          0          0          0          0          0          0          0          0          0          0          0          0          0          0    9151.34          0          0          0          0 1.94686e-05 -4.36793e-05          0          0          0          0          0          0          0          0          0          0          0          0          0 3.30991e-05          0          0          0          0          0 
         0          0          0          0          0          0          0          0          0          0          0          0          0          0 -2.79048e-05          0          0          0          0          0 3.7964e-05          0          0          0          0          0          0          0          0          0          0          0          0          0          0    9521.93          0          0          0          0 1.22637e-05          0          0          0          0          0          0          0          0          0          0          0          0          0          0          0          0          0 2.50336e-05 -3.0285e-05 
         0          0          0          0          0          0          0          0          0          0          0          0          0          0 4.19246e-05          0          0          0          0          0          0          0          0          0          0          0          0          0          0          0          0          0          0          0          0          0    9887.01          0          0          0          0 -2.3963e-05 -1.36936e-05          0          0          0          0          0          0          0          0          0          0          0          0          0          0          0          0          0 
         0          0          0          0          0          0          0          0          0          0          0          0          0 -1.76445e-05          0          0          0          0          0          0 4.24737e-05          0          0          0          0          0          0          0          0          0          0          0          0          0          0          0          0    10245.6          0          0          0 -4.02864e-05          0          0          0          0          0          0          0          0          0          0 2.82769e-05          0          0          0          0          0          0          0 
         0          0          0          0          0          0          0          0          0          0          0          0          0          0          0          0          0 2.46792e-05          0          0 -3.59285e-05          0 -2.44564e-05          0          0 -2.10569e-05          0          0          0          0          0          0          0          0          0          0          0          0    10596.8          0          0          0          0          0          0          0          0          0          0          0          0 5.09816e-05          0          0 2.49143e-05 -2.15518e-05 -1.56995e-05 1.09015e-05 2.53122e-05 -1.71284e-05 
         0          0          0          0          0          0          0          0          0          0          0          0          0 -1.33457e-05          0          0 -2.29426e-05 -1.79386e-05          0          0 2.5922e-05          0 2.62525e-05          0          0 2.59054e-05          0          0          0          0          0 1.04478e-05          0 1.65233e-05 1.94686e-05          0          0          0          0    10939.6          0          0          0          0          0          0          0          0          0          0          0          0          0 -1.8149e-05          0          0 1.63045e-05 1.67522e-05          0          0 
         0          0          0          0          0          0          0          0          0          0          0          0          0          0          0          0          0 -3.7953e-05 4.30686e-05 -1.94147e-05          0 1.53594e-05 -1.17985e-05 -3.55645e-05 1.82654e-05 -1.87097e-05          0          0 -1.17852e-05          0          0          0 -1.51674e-05 -3.11721e-05 -4.36793e-05 1.22636e-05          0          0          0          0    11273.1          0          0          0          0          0          0          0          0          0          0          0          0 4.69584e-05          0 2.12652e-05 1.71217e-05          0          0 5.12288e-05 
         0          0          0          0          0          0          0          0          0          0          0          0          0 1.24612e-05          0          0 -1.4608e-05 -2.14584e-05 1.77278e-05 -1.41587e-05          0 1.38337e-05          0 -2.99822e-05          0          0          0          0          0  1.016e-05 -1.04204e-05 1.25086e-05          0          0          0          0 -2.3963e-05 -4.02864e-05          0          0          0    11596.4          0          0          0          0          0          0          0          0          0          0          0  4.214e-05          0          0 -1.80148e-05          0 -1.27703e-05          0 
         0          0          0          0          0          0          0          0          0          0          0          0          0          0          0          0          0 1.51113e-05          0          0          0          0          0 1.13891e-05          0          0          0          0          0          0 1.06605e-05          0 1.26702e-05          0          0          0 -1.36936e-05          0          0          0          0          0    11908.8          0          0          0          0          0          0          0 -1.18859e-05          0          0          0          0          0 1.53225e-05          0 1.18339e-05          0 
         0          0          0          0          0          0          0          0          0          0          0          0          0          0          0          0          0          0          0          0          0          0          0 -1.55803e-05          0          0          0          0          0          0 -1.21337e-05          0          0          0          0          0          0          0          0          0          0          0          0    12209.3          0          0          0          0          0          0          0          0 3.28803e-05          0 -1.46084e-05          0          0          0 -1.0702e-05          0 
         0          0          0          0          0          0          0 1.32706e-05          0          0          0          0          0 -3.45461e-05 -5.73172e-05 5.34716e-05          0 1.21501e-05          0          0          0 -1.06761e-05          0 2.04282e-05          0          0          0          0          0          0          0          0          0          0          0          0          0          0          0          0          0          0          0          0    12497.2          0          0          0          0          0          0          0          0          0 1.37829e-05          0          0          0 1.14285e-05          0 
         0          0          0          0          0          0          0          0          0          0          0          0          0 -2.31296e-05 -4.99797e-05 5.12954e-05          0 1.15651e-05          0          0          0          0          0 1.08651e-05          0          0          0          0          0          0          0          0          0          0          0          0          0          0          0          0          0          0          0          0          0    12771.6          0          0          0          0          0          0          0          0          0          0          0          0          0          0 
         0          0          0          0          0          0          0          0          0          0          0          0          0          0 -3.17236e-05 3.42463e-05          0          0          0          0          0          0          0          0          0          0          0          0          0          0          0          0          0          0          0          0          0          0          0          0          0          0          0          0          0          0    13031.9          0          0          0          0          0          0          0          0          0          0          0          0          0 
         0          0          0          0          0          0          0 -1.14237e-05          0          0          0          0          0          0 -2.1238e-05 2.42172e-05          0          0          0          0          0          0          0          0          0          0          0          0          0          0          0          0          0          0          0          0          0          0          0          0          0          0          0          0          0          0          0    13277.4          0          0          0          0          0          0          0          0          0          0          0          0 
         0          0          0          0          0          0          0 -1.00167e-05          0          0          0          0          0 1.75641e-05 2.03951e-05 -1.91653e-05          0          0          0          0          0          0          0          0          0          0          0          0          0          0          0          0          0          0          0          0          0          0          0          0          0          0          0          0          0          0          0          0    13507.4          0          0          0          0          0          0          0          0          0          0          0 
         0          0          0          0          0          0          0 -2.92948e-05          0          0          0 1.43648e-05          0          0 1.48757e-05 -1.33554e-05          0          0          0          0          0          0          0          0          0          0          0          0          0          0          0          0          0          0          0          0          0          0          0          0          0          0          0          0          0          0          0          0          0    13721.4          0          0          0          0          0          0          0          0          0          0 
         0          0          0          0          0          0          0 1.38929e-05          0          0          0          0          0          0          0          0          0          0          0          0          0          0          0          0          0          0          0          0          0          0          0          0          0 2.50795e-05          0          0          0          0          0          0          0          0 -1.18859e-05          0          0          0          0          0          0          0    13918.7          0          0          0 -1.00801e-05          0          0          0          0          0 
         0          0          0          0          0          0          0          0          0          0          0          0          0          0 -1.00097e-05          0          0          0          0          0          0          0          0          0          0          0          0          0          0          0          0          0          0          0          0          0          0          0 5.09816e-05          0          0          0          0          0          0          0          0          0          0          0          0    14098.8          0          0          0          0          0          0          0          0 
         0          0          0          0          0          0          0          0 -1.37992e-05          0          0 -1.00731e-05          0 -1.16972e-05 -1.01645e-05 1.02089e-05          0          0          0          0          0          0          0          0          0          0          0          0          0          0          0          0          0          0          0          0          0 2.82769e-05          0          0          0          0          0 3.28803e-05          0          0          0          0          0          0          0          0    14261.2          0          0          0          0          0          0          0 
         0          0          0          0          0          0          0 -1.8802e-05 2.95463e-05          0          0 1.16737e-05          0          0          0          0          0          0          0          0          0          0          0          0          0          0          0          0          0          0          0          0          0          0          0          0          0          0          0 -1.8149e-05 4.69584e-05  4.214e-05          0          0          0          0          0          0          0          0          0          0          0    14405.6          0          0          0          0          0          0 
         0          0          0          0          0          0          0          0          0          0 2.06994e-05 4.1781e-05          0          0          0          0          0          0          0          0          0          0          0          0          0          0          0          0          0          0          0          0          0          0 3.30991e-05          0          0          0 2.49143e-05          0          0          0          0 -1.46084e-05 1.37829e-05          0          0          0          0          0 -1.00801e-05          0          0          0    14531.5          0          0          0          0          0 
         0          0          0          0          0 -2.32372e-05 1.18275e-05          0 -1.43924e-05          0 -1.04221e-05          0          0          0          0          0 1.76252e-05          0          0          0          0          0          0          0          0          0          0          0          0          0          0          0          0 -3.07119e-05          0          0          0          0 -2.15518e-05          0 2.12652e-05          0          0          0          0          0          0          0          0          0          0          0          0          0          0    14638.6          0          0          0          0 
         0          0 1.09725e-05          0          0          0 -1.15466e-05          0          0          0          0          0          0 -1.36837e-05          0          0          0          0          0          0          0          0          0          0          0          0          0          0          0          0          0          0          0          0          0          0          0          0 -1.56995e-05 1.63045e-05 1.71217e-05 -1.80148e-05 1.53225e-05          0          0          0          0          0          0          0          0          0          0          0          0          0    14726.6          0          0          0 
         0          0          0          0          0          0          0          0          0 -1.63123e-05 -1.39609e-05          0 -1.33733e-05          0          0          0          0          0          0          0          0          0          0          0          0          0          0          0          0          0          0          0          0          0          0          0          0          0 1.09015e-05 1.67522e-05          0          0          0          0          0          0          0          0          0          0          0          0          0          0          0          0          0    14795.4          0          0 
         0          0          0          0          0          0          0          0 1.73984e-05          0          0 -2.15366e-05          0 -1.24416e-05          0          0          0          0          0          0          0          0          0          0          0          0          0          0          0          0          0          0          0 -1.91349e-05          0 2.50336e-05          0          0 2.53122e-05          0          0 -1.27703e-05 1.18339e-05 -1.0702e-05 1.14285e-05          0          0          0          0          0          0          0          0          0          0          0          0          0    14844.6          0 
         0          0          0          0          0          0          0          0          0          0 -4.47057e-05 1.24192e-05 -3.6877e-05          0          0          0          0          0          0          0          0          0          0          0          0          0          0          0          0          0          0          0          0          0          0 -3.0285e-05          0          0 -1.71284e-05          0 5.12288e-05          0          0          0          0          0          0          0          0          0          0          0          0          0          0          0          0          0          0    14874.1 

Now we check that the eigen-energies are correct:
#	Calculated	Exact
0	9.8674	9.8696
1	39.444	39.478
2	88.65	88.826
3	157.36	157.91
4	245.38	246.74
5	352.49	355.31
6	478.4	483.61
7	622.77	631.65
8	785.23	799.44
9	965.34	986.96
10	1162.6	1194.2
11	1376.6	1421.2
12	1606.6	1668
13	1852.1	1934.4
14	2112.4	2220.7
15	2386.8	2526.6
16	2674.7	2852.3
17	2975.2	3197.8
18	3287.6	3562.9
19	3610.9	3947.8
