#index 0: t y log(y) unc_y unc_log(y)
      1     117 4.76217    5.85    0.05
      2     100 4.60517       5    0.05
      3      88 4.47734     4.4    0.05
      4      72 4.27667     3.6    0.05
      6      53 3.97029    2.65    0.05
      9    29.5 3.38439   1.475    0.05
     10    25.2 3.22684    1.26    0.05
     13    15.2  2.7213    0.76    0.05
     15    11.1 2.40695   0.555    0.05


#index 1: t_linspace, fit, fit + uncertainty, fit - uncertainty
      0 4.95867 4.98851 4.92883
  0.064  4.9477 4.97731 4.91809
  0.128 4.93673 4.96612 4.90735
  0.192 4.92576 4.95492 4.89661
  0.256  4.9148 4.94373 4.88586
   0.32 4.90383 4.93253 4.87512
  0.384 4.89286 4.92134 4.86438
  0.448 4.88189 4.91014 4.85364
  0.512 4.87092 4.89895  4.8429
  0.576 4.85995 4.88776 4.83215
   0.64 4.84899 4.87656 4.82141
  0.704 4.83802 4.86537 4.81067
  0.768 4.82705 4.85417 4.79993
  0.832 4.81608 4.84298 4.78919
  0.896 4.80511 4.83178 4.77844
   0.96 4.79414 4.82059  4.7677
  1.024 4.78318 4.80939 4.75696
  1.088 4.77221  4.7982 4.74622
  1.152 4.76124   4.787 4.73547
  1.216 4.75027 4.77581 4.72473
   1.28  4.7393 4.76462 4.71399
  1.344 4.72833 4.75342 4.70325
  1.408 4.71737 4.74223 4.69251
  1.472  4.7064 4.73103 4.68176
  1.536 4.69543 4.71984 4.67102
    1.6 4.68446 4.70864 4.66028
  1.664 4.67349 4.69745 4.64954
  1.728 4.66252 4.68625  4.6388
  1.792 4.65156 4.67506 4.62805
  1.856 4.64059 4.66386 4.61731
   1.92 4.62962 4.65267 4.60657
  1.984 4.61865 4.64147 4.59583
  2.048 4.60768 4.63028 4.58509
  2.112 4.59672 4.61909 4.57434
  2.176 4.58575 4.60789  4.5636
   2.24 4.57478  4.5967 4.55286
  2.304 4.56381  4.5855 4.54212
  2.368 4.55284 4.57431 4.53138
  2.432 4.54187 4.56311 4.52063
  2.496 4.53091 4.55192 4.50989
   2.56 4.51994 4.54072 4.49915
  2.624 4.50897 4.52953 4.48841
  2.688   4.498 4.51833 4.47767
  2.752 4.48703 4.50714 4.46692
  2.816 4.47606 4.49595 4.45618
   2.88  4.4651 4.48475 4.44544
  2.944 4.45413 4.47356  4.4347
  3.008 4.44316 4.46236 4.42396
  3.072 4.43219 4.45117 4.41321
  3.136 4.42122 4.43997 4.40247
    3.2 4.41025 4.42878 4.39173
  3.264 4.39929 4.41758 4.38099
  3.328 4.38832 4.40639 4.37025
  3.392 4.37735 4.39519  4.3595
  3.456 4.36638   4.384 4.34876
   3.52 4.35541 4.37281 4.33802
  3.584 4.34444 4.36161 4.32728
  3.648 4.33348 4.35042 4.31654
  3.712 4.32251 4.33922 4.30579
  3.776 4.31154 4.32803 4.29505
   3.84 4.30057 4.31683 4.28431
  3.904  4.2896 4.30564 4.27357
  3.968 4.27864 4.29444 4.26283
  4.032 4.26767 4.28325 4.25208
  4.096  4.2567 4.27205 4.24134
   4.16 4.24573 4.26086  4.2306
  4.224 4.23476 4.24967 4.21986
  4.288 4.22379 4.23847 4.20912
  4.352 4.21283 4.22728 4.19837
  4.416 4.20186 4.21608 4.18763
   4.48 4.19089 4.20489 4.17689
  4.544 4.17992 4.19369 4.16615
  4.608 4.16895  4.1825 4.15541
  4.672 4.15798  4.1713 4.14466
  4.736 4.14702 4.16011 4.13392
    4.8 4.13605 4.14891 4.12318
  4.864 4.12508 4.13772 4.11244
  4.928 4.11411 4.12653  4.1017
  4.992 4.10314 4.11533 4.09095
  5.056 4.09217 4.10414 4.08021
   5.12 4.08121 4.09294 4.06947
  5.184 4.07024 4.08175 4.05873
  5.248 4.05927 4.07055 4.04799
  5.312  4.0483 4.05936 4.03724
  5.376 4.03733 4.04816  4.0265
   5.44 4.02636 4.03697 4.01576
  5.504  4.0154 4.02577 4.00502
  5.568 4.00443 4.01458 3.99428
  5.632 3.99346 4.00339 3.98353
  5.696 3.98249 3.99219 3.97279
   5.76 3.97152   3.981 3.96205
  5.824 3.96055  3.9698 3.95131
  5.888 3.94959 3.95861 3.94057
  5.952 3.93862 3.94741 3.92982
  6.016 3.92765 3.93622 3.91908
   6.08 3.91668 3.92502 3.90834
  6.144 3.90571 3.91383  3.8976
  6.208 3.89475 3.90263 3.88686
  6.272 3.88378 3.89144 3.87611
  6.336 3.87281 3.88024 3.86537
    6.4 3.86184 3.86905 3.85463
  6.464 3.85087 3.85786 3.84389
  6.528  3.8399 3.84666 3.83315
  6.592 3.82894 3.83547  3.8224
  6.656 3.81797 3.82427 3.81166
   6.72   3.807 3.81308 3.80092
  6.784 3.79603 3.80188 3.79018
  6.848 3.78506 3.79069 3.77944
  6.912 3.77409 3.77949 3.76869
  6.976 3.76313  3.7683 3.75795
   7.04 3.75216  3.7571 3.74721
  7.104 3.74119 3.74591 3.73647
  7.168 3.73022 3.73472 3.72573
  7.232 3.71925 3.72352 3.71498
  7.296 3.70828 3.71233 3.70424
   7.36 3.69732 3.70113  3.6935
  7.424 3.68635 3.68994 3.68276
  7.488 3.67538 3.67874 3.67202
  7.552 3.66441 3.66755 3.66127
  7.616 3.65344 3.65635 3.65053
   7.68 3.64247 3.64516 3.63979
  7.744 3.63151 3.63396 3.62905
  7.808 3.62054 3.62277 3.61831
  7.872 3.60957 3.61158 3.60756
  7.936  3.5986 3.60038 3.59682
      8 3.58763 3.58919 3.58608
  8.064 3.57666 3.57799 3.57534
  8.128  3.5657  3.5668  3.5646
  8.192 3.55473  3.5556 3.55385
  8.256 3.54376 3.54441 3.54311
   8.32 3.53279 3.53321 3.53237
  8.384 3.52182 3.52202 3.52163
  8.448 3.51086 3.51082 3.51089
  8.512 3.49989 3.49963 3.50014
  8.576 3.48892 3.48844  3.4894
   8.64 3.47795 3.47724 3.47866
  8.704 3.46698 3.46605 3.46792
  8.768 3.45601 3.45485 3.45718
  8.832 3.44505 3.44366 3.44643
  8.896 3.43408 3.43246 3.43569
   8.96 3.42311 3.42127 3.42495
  9.024 3.41214 3.41007 3.41421
  9.088 3.40117 3.39888 3.40347
  9.152  3.3902 3.38768 3.39272
  9.216 3.37924 3.37649 3.38198
   9.28 3.36827  3.3653 3.37124
  9.344  3.3573  3.3541  3.3605
  9.408 3.34633 3.34291 3.34976
  9.472 3.33536 3.33171 3.33901
  9.536 3.32439 3.32052 3.32827
    9.6 3.31343 3.30932 3.31753
  9.664 3.30246 3.29813 3.30679
  9.728 3.29149 3.28693 3.29605
  9.792 3.28052 3.27574  3.2853
  9.856 3.26955 3.26454 3.27456
   9.92 3.25858 3.25335 3.26382
  9.984 3.24762 3.24216 3.25308
 10.048 3.23665 3.23096 3.24234
 10.112 3.22568 3.21977 3.23159
 10.176 3.21471 3.20857 3.22085
  10.24 3.20374 3.19738 3.21011
 10.304 3.19278 3.18618 3.19937
 10.368 3.18181 3.17499 3.18863
 10.432 3.17084 3.16379 3.17788
 10.496 3.15987  3.1526 3.16714
  10.56  3.1489  3.1414  3.1564
 10.624 3.13793 3.13021 3.14566
 10.688 3.12697 3.11902 3.13492
 10.752   3.116 3.10782 3.12417
 10.816 3.10503 3.09663 3.11343
  10.88 3.09406 3.08543 3.10269
 10.944 3.08309 3.07424 3.09195
 11.008 3.07212 3.06304 3.08121
 11.072 3.06116 3.05185 3.07046
 11.136 3.05019 3.04065 3.05972
   11.2 3.03922 3.02946 3.04898
 11.264 3.02825 3.01826 3.03824
 11.328 3.01728 3.00707  3.0275
 11.392 3.00631 2.99587 3.01675
 11.456 2.99535 2.98468 3.00601
  11.52 2.98438 2.97349 2.99527
 11.584 2.97341 2.96229 2.98453
 11.648 2.96244  2.9511 2.97379
 11.712 2.95147  2.9399 2.96304
 11.776  2.9405 2.92871  2.9523
  11.84 2.92954 2.91751 2.94156
 11.904 2.91857 2.90632 2.93082
 11.968  2.9076 2.89512 2.92008
 12.032 2.89663 2.88393 2.90933
 12.096 2.88566 2.87273 2.89859
  12.16 2.87469 2.86154 2.88785
 12.224 2.86373 2.85035 2.87711
 12.288 2.85276 2.83915 2.86637
 12.352 2.84179 2.82796 2.85562
 12.416 2.83082 2.81676 2.84488
  12.48 2.81985 2.80557 2.83414
 12.544 2.80889 2.79437  2.8234
 12.608 2.79792 2.78318 2.81266
 12.672 2.78695 2.77198 2.80191
 12.736 2.77598 2.76079 2.79117
   12.8 2.76501 2.74959 2.78043
 12.864 2.75404  2.7384 2.76969
 12.928 2.74308 2.72721 2.75895
 12.992 2.73211 2.71601  2.7482
 13.056 2.72114 2.70482 2.73746
  13.12 2.71017 2.69362 2.72672
 13.184  2.6992 2.68243 2.71598
 13.248 2.68823 2.67123 2.70524
 13.312 2.67727 2.66004 2.69449
 13.376  2.6663 2.64884 2.68375
  13.44 2.65533 2.63765 2.67301
 13.504 2.64436 2.62645 2.66227
 13.568 2.63339 2.61526 2.65153
 13.632 2.62242 2.60407 2.64078
 13.696 2.61146 2.59287 2.63004
  13.76 2.60049 2.58168  2.6193
 13.824 2.58952 2.57048 2.60856
 13.888 2.57855 2.55929 2.59782
 13.952 2.56758 2.54809 2.58707
 14.016 2.55661  2.5369 2.57633
  14.08 2.54565  2.5257 2.56559
 14.144 2.53468 2.51451 2.55485
 14.208 2.52371 2.50331 2.54411
 14.272 2.51274 2.49212 2.53336
 14.336 2.50177 2.48093 2.52262
   14.4  2.4908 2.46973 2.51188
 14.464 2.47984 2.45854 2.50114
 14.528 2.46887 2.44734  2.4904
 14.592  2.4579 2.43615 2.47965
 14.656 2.44693 2.42495 2.46891
  14.72 2.43596 2.41376 2.45817
 14.784   2.425 2.40256 2.44743
 14.848 2.41403 2.39137 2.43668
 14.912 2.40306 2.38017 2.42594
 14.976 2.39209 2.36898  2.4152
  15.04 2.38112 2.35779 2.40446
 15.104 2.37015 2.34659 2.39372
 15.168 2.35919  2.3354 2.38297
 15.232 2.34822  2.3242 2.37223
 15.296 2.33725 2.31301 2.36149
  15.36 2.32628 2.30181 2.35075
 15.424 2.31531 2.29062 2.34001
 15.488 2.30434 2.27942 2.32926
 15.552 2.29338 2.26823 2.31852
 15.616 2.28241 2.25703 2.30778
  15.68 2.27144 2.24584 2.29704
 15.744 2.26047 2.23464  2.2863
 15.808  2.2495 2.22345 2.27555
 15.872 2.23853 2.21226 2.26481
 15.936 2.22757 2.20106 2.25407
