-10	4.53999e-05	4.53999e-05
-9.9	5.01747e-05	5.01747e-05
-9.8	5.54516e-05	5.54516e-05
-9.7	6.12835e-05	6.12835e-05
-9.6	6.77287e-05	6.77287e-05
-9.5	7.48518e-05	7.48518e-05
-9.4	8.27241e-05	8.27241e-05
-9.3	9.14242e-05	9.14242e-05
-9.2	0.000101039	0.000101039
-9.1	0.000111666	0.000111666
-9	0.00012341	0.00012341
-8.9	0.000136389	0.000136389
-8.8	0.000150733	0.000150733
-8.7	0.000166586	0.000166586
-8.6	0.000184106	0.000184106
-8.5	0.000203468	0.000203468
-8.4	0.000224867	0.000224867
-8.3	0.000248517	0.000248517
-8.2	0.000274654	0.000274654
-8.1	0.000303539	0.000303539
-8	0.000335463	0.000335463
-7.9	0.000370744	0.000370744
-7.8	0.000409735	0.000409735
-7.7	0.000452827	0.000452827
-7.6	0.000500451	0.000500451
-7.5	0.000553084	0.000553084
-7.4	0.000611253	0.000611253
-7.3	0.000675539	0.000675539
-7.2	0.000746586	0.000746586
-7.1	0.000825105	0.000825105
-7	0.000911882	0.000911882
-6.9	0.00100779	0.00100779
-6.8	0.00111378	0.00111378
-6.7	0.00123091	0.00123091
-6.6	0.00136037	0.00136037
-6.5	0.00150344	0.00150344
-6.4	0.00166156	0.00166156
-6.3	0.0018363	0.0018363
-6.2	0.00202943	0.00202943
-6.1	0.00224287	0.00224287
-6	0.00247875	0.00247875
-5.9	0.00273944	0.00273944
-5.8	0.00302755	0.00302755
-5.7	0.00334597	0.00334597
-5.6	0.00369786	0.00369786
-5.5	0.00408677	0.00408677
-5.4	0.00451658	0.00451658
-5.3	0.00499159	0.00499159
-5.2	0.00551656	0.00551656
-5.1	0.00609675	0.00609675
-5	0.00673795	0.00673795
-4.9	0.00744658	0.00744658
-4.8	0.00822975	0.00822975
-4.7	0.00909528	0.00909528
-4.6	0.0100518	0.0100518
-4.5	0.011109	0.011109
-4.4	0.0122773	0.0122773
-4.3	0.0135686	0.0135686
-4.2	0.0149956	0.0149956
-4.1	0.0165727	0.0165727
-4	0.0183156	0.0183156
-3.9	0.0202419	0.0202419
-3.8	0.0223708	0.0223708
-3.7	0.0247235	0.0247235
-3.6	0.0273237	0.0273237
-3.5	0.0301974	0.0301974
-3.4	0.0333733	0.0333733
-3.3	0.0368832	0.0368832
-3.2	0.0407622	0.0407622
-3.1	0.0450492	0.0450492
-3	0.0497871	0.0497871
-2.9	0.0550232	0.0550232
-2.8	0.0608101	0.0608101
-2.7	0.0672055	0.0672055
-2.6	0.0742736	0.0742736
-2.5	0.082085	0.082085
-2.4	0.090718	0.090718
-2.3	0.100259	0.100259
-2.2	0.110803	0.110803
-2.1	0.122456	0.122456
-2	0.135335	0.135335
-1.9	0.149569	0.149569
-1.8	0.165299	0.165299
-1.7	0.182684	0.182684
-1.6	0.201897	0.201897
-1.5	0.22313	0.22313
-1.4	0.246597	0.246597
-1.3	0.272532	0.272532
-1.2	0.301194	0.301194
-1.1	0.332871	0.332871
-1	0.367879	0.367879
-0.9	0.40657	0.40657
-0.8	0.449329	0.449329
-0.7	0.496585	0.496585
-0.6	0.548812	0.548812
-0.5	0.606531	0.606531
-0.4	0.67032	0.67032
-0.3	0.740818	0.740818
-0.2	0.818731	0.818731
-0.1	0.904837	0.904837
0	1	1
0.1	1.10517	1.10517
0.2	1.2214	1.2214
0.3	1.34986	1.34986
0.4	1.49182	1.49182
0.5	1.64872	1.64872
0.6	1.82212	1.82212
0.7	2.01375	2.01375
0.8	2.22554	2.22554
0.9	2.4596	2.4596
1	2.71828	2.71828
1.1	3.00417	3.00417
1.2	3.32012	3.32012
1.3	3.6693	3.6693
1.4	4.0552	4.0552
1.5	4.48169	4.48169
1.6	4.95303	4.95303
1.7	5.47395	5.47395
1.8	6.04965	6.04965
1.9	6.68589	6.68589
2	7.38906	7.38906
2.1	8.16617	8.16617
2.2	9.02501	9.02501
2.3	9.97418	9.97418
2.4	11.0232	11.0232
2.5	12.1825	12.1825
2.6	13.4637	13.4637
2.7	14.8797	14.8797
2.8	16.4446	16.4446
2.9	18.1741	18.1741
3	20.0855	20.0855
3.1	22.198	22.198
3.2	24.5325	24.5325
3.3	27.1126	27.1126
3.4	29.9641	29.9641
3.5	33.1155	33.1155
3.6	36.5982	36.5982
3.7	40.4473	40.4473
3.8	44.7012	44.7012
3.9	49.4024	49.4024
4	54.5982	54.5982
4.1	60.3403	60.3403
4.2	66.6863	66.6863
4.3	73.6998	73.6998
4.4	81.4509	81.4509
4.5	90.0171	90.0171
4.6	99.4843	99.4843
4.7	109.947	109.947
4.8	121.51	121.51
4.9	134.29	134.29
5	148.413	148.413
5.1	164.022	164.022
5.2	181.272	181.272
5.3	200.337	200.337
5.4	221.406	221.406
5.5	244.692	244.692
5.6	270.426	270.426
5.7	298.867	298.867
5.8	330.3	330.3
5.9	365.037	365.037
6	403.429	403.429
6.1	445.858	445.858
6.2	492.749	492.749
6.3	544.572	544.572
6.4	601.845	601.845
6.5	665.142	665.142
6.6	735.095	735.095
6.7	812.406	812.406
6.8	897.847	897.847
6.9	992.275	992.275
7	1096.63	1096.63
7.1	1211.97	1211.97
7.2	1339.43	1339.43
7.3	1480.3	1480.3
7.4	1635.98	1635.98
7.5	1808.04	1808.04
7.6	1998.2	1998.2
7.7	2208.35	2208.35
7.8	2440.6	2440.6
7.9	2697.28	2697.28
8	2980.96	2980.96
8.1	3294.47	3294.47
8.2	3640.95	3640.95
8.3	4023.87	4023.87
8.4	4447.07	4447.07
8.5	4914.77	4914.77
8.6	5431.66	5431.66
8.7	6002.91	6002.91
8.8	6634.24	6634.24
8.9	7331.97	7331.97
9	8103.08	8103.08
9.1	8955.29	8955.29
9.2	9897.13	9897.13
9.3	10938	10938
9.4	12088.4	12088.4
9.5	13359.7	13359.7
9.6	14764.8	14764.8
9.7	16317.6	16317.6
9.8	18033.7	18033.7
9.9	19930.4	19930.4
10	22026.5	22026.5
