                1000           0.00798478           0.00129377
                2000           0.00544343          5.25004e-05
                3000           0.00450071          0.000344561
                4000           0.00390764          0.000133426
                5000           0.00344033          6.83984e-05
                6000           0.00311278          0.000157049
                7000            0.0029386           0.00017871
                8000           0.00273367          0.000109834
                9000           0.00259563          3.63742e-05
               10000           0.00243003          6.89751e-05
               11000           0.00233475          4.44968e-05
               12000           0.00223132          0.000107595
               13000           0.00212722          0.000114385
               14000           0.00206845          3.96406e-05
               15000            0.0019936          2.36902e-05
               16000           0.00191849          5.55669e-05
               17000           0.00187769          7.73539e-05
               18000           0.00181918          6.15105e-05
               19000           0.00177221          4.45669e-05
               20000            0.0017196          2.11431e-05
               21000           0.00168515          4.13954e-05
               22000           0.00164882           5.6529e-05
               23000           0.00161374          3.99868e-05
               24000            0.0015862              3.6e-05
               25000           0.00155191          6.93463e-05
               26000           0.00151304          3.30703e-05
               27000           0.00149341          4.87794e-05
               28000           0.00146332          2.36043e-05
               29000            0.0014402          1.41885e-05
               30000           0.00141539          4.18916e-06
               31000           0.00138412          3.73828e-05
               32000           0.00137333          2.62022e-05
               33000           0.00135182          8.84778e-06
               34000           0.00132638           1.3191e-05
               35000           0.00130887          2.05883e-05
               36000           0.00129197          3.12991e-05
               37000           0.00127893          8.85547e-06
               38000           0.00125461          2.35065e-05
               39000           0.00124042          5.80625e-06
               40000           0.00121823          3.51428e-05
               41000           0.00120717          2.99604e-05
               42000           0.00119548          1.66855e-05
               43000           0.00117904          1.71941e-05
               44000           0.00116943          7.67402e-06
               45000           0.00114956          2.35708e-05
               46000           0.00114397          2.09967e-05
               47000           0.00112887          2.35336e-05
               48000           0.00111608          1.03324e-06
               49000           0.00110432          1.24793e-05
               50000           0.00109322          2.94574e-05
               51000           0.00108976          1.75577e-05
               52000            0.0010784          3.91861e-05
               53000           0.00106503           7.4824e-06
               54000           0.00105156          1.73272e-05
               55000           0.00104739           2.5039e-05
               56000            0.0010346          2.39224e-05
               57000           0.00102934           1.7102e-05
               58000           0.00101419          5.10128e-06
               59000           0.00100831          8.65786e-07
               60000          0.000998985          1.59069e-05
               61000          0.000993257          1.76281e-05
               62000          0.000982448          1.18744e-05
               63000          0.000974642          6.30237e-08
               64000          0.000969177          1.36776e-05
               65000          0.000959451          4.64876e-06
               66000          0.000950584          6.75234e-06
               67000          0.000949666          8.02211e-06
               68000          0.000942265          2.64225e-06
               69000          0.000936541          1.29996e-05
               70000          0.000926201          1.89859e-05
               71000          0.000918967          1.60941e-05
               72000          0.000914113          1.35184e-05
               73000          0.000907266          1.12065e-05
               74000          0.000900762          9.86778e-06
               75000          0.000891777          2.12315e-05
               76000          0.000886402          1.83443e-05
               77000          0.000883055          1.21214e-05
               78000          0.000876718          7.37642e-06
               79000          0.000870546           1.9146e-05
               80000          0.000866255          1.78011e-05
               81000          0.000857087          1.44856e-05
               82000          0.000855289          1.29336e-05
               83000          0.000846442          7.51795e-06
               84000           0.00084367          1.05616e-05
               85000          0.000840029          1.52643e-05
               86000          0.000833959          1.04227e-05
               87000          0.000831237          1.16415e-05
               88000           0.00082482          1.37407e-05
               89000          0.000822229           1.5229e-05
               90000          0.000816083          1.13249e-05
               91000          0.000812999          1.43274e-05
               92000           0.00080961          1.36088e-05
               93000          0.000801213          5.58791e-06
               94000          0.000800494          9.54597e-06
               95000          0.000791747          1.38617e-05
               96000          0.000789837          6.40238e-09
               97000          0.000787238          1.00046e-05
               98000          0.000783257           7.4732e-07
               99000          0.000777513          9.64862e-06
