0	0	1	
0.0212001	0.0212001	0.999775	
0.041509	0.0415	0.999139	
0.0612799	0.0612458	0.998123	
0.0807219	0.0806397	0.996743	
0.099961	0.0998013	0.995007	
0.119075	0.118801	0.992918	
0.13811	0.13768	0.990477	
0.157097	0.156461	0.987684	
0.176053	0.175156	0.984541	
0.19499	0.193769	0.981047	
0.213916	0.212301	0.977204	
0.232834	0.23075	0.973013	
0.251748	0.249112	0.968475	
0.270658	0.267382	0.963591	
0.289567	0.285555	0.958363	
0.308475	0.303624	0.952792	
0.327382	0.321584	0.946881	
0.346288	0.339429	0.940632	
0.365195	0.357152	0.934046	
0.384101	0.374748	0.927127	
0.403007	0.392209	0.919876	
0.421913	0.40953	0.912297	
0.440819	0.426705	0.904391	
0.459725	0.443727	0.896163	
0.478631	0.46059	0.887613	
0.497536	0.477289	0.878747	
0.516442	0.493817	0.869566	
0.535348	0.510169	0.860075	
0.554254	0.526338	0.850276	
0.57316	0.542319	0.840173	
0.592066	0.558107	0.82977	
0.610972	0.573694	0.81907	
0.629877	0.589077	0.808078	
0.648783	0.604249	0.796796	
0.667689	0.619205	0.78523	
0.686595	0.63394	0.773383	
0.705501	0.648448	0.76126	
0.724407	0.662725	0.748864	
0.743313	0.676764	0.736201	
0.762218	0.690562	0.723274	
0.781124	0.704112	0.71009	
0.80003	0.717411	0.696651	
0.818936	0.730454	0.682963	
0.837842	0.743235	0.669031	
0.856748	0.755751	0.65486	
0.875654	0.767997	0.640455	
0.894559	0.779968	0.625821	
0.913465	0.79166	0.610963	
0.932371	0.803069	0.595887	
0.951277	0.814192	0.580598	
0.970183	0.825023	0.565101	
0.989089	0.835559	0.549402	
1.00799	0.845797	0.533507	
1.0269	0.855732	0.517421	
1.04581	0.865361	0.50115	
1.06471	0.874681	0.4847	
1.08362	0.883689	0.468077	
1.10252	0.89238	0.451287	
1.12143	0.900753	0.434335	
1.14034	0.908803	0.417228	
1.15924	0.916529	0.399971	
1.17815	0.923927	0.382572	
1.19705	0.930994	0.365036	
1.21596	0.937729	0.34737	
1.23486	0.944129	0.329579	
1.25377	0.950191	0.311671	
1.27268	0.955914	0.293651	
1.29158	0.961295	0.275526	
1.31049	0.966332	0.257303	
1.32939	0.971024	0.238987	
1.3483	0.975369	0.220586	
1.36721	0.979365	0.202107	
1.38611	0.983011	0.183555	
1.40502	0.986305	0.164938	
1.42392	0.989247	0.146261	
1.44283	0.991836	0.127532	
1.46173	0.994069	0.108758	
1.48064	0.995948	0.089945	
1.49955	0.99747	0.0710997	
1.51845	0.998636	0.052229	
1.53736	0.999445	0.0333396	
1.55626	0.999897	0.0144383	
1.57517	0.999991	-0.0044682	
1.59408	0.999728	-0.0233731	
1.61298	0.999108	-0.0422696	
1.63189	0.99813	-0.061151	
1.65079	0.996795	-0.0800106	
1.6697	0.995105	-0.0988416	
1.6886	0.993058	-0.117637	
1.70751	0.990657	-0.136391	
1.72642	0.987901	-0.155096	
1.74532	0.984792	-0.173745	
1.76423	0.981331	-0.192332	
1.78313	0.97752	-0.210851	
1.80204	0.973359	-0.229294	
1.82095	0.96885	-0.247655	
1.83985	0.963995	-0.265928	
1.85876	0.958795	-0.284105	
1.87766	0.953252	-0.302181	
1.89657	0.947369	-0.320149	
1.91548	0.941147	-0.338003	
1.93438	0.934588	-0.355736	
1.95329	0.927696	-0.373341	
1.97219	0.920472	-0.390814	
1.9911	0.912919	-0.408146	
2.01	0.905039	-0.425333	
2.02891	0.896836	-0.442367	
2.04782	0.888312	-0.459244	
2.06672	0.879471	-0.475956	
2.08563	0.870316	-0.492498	
2.10453	0.860849	-0.508864	
2.12344	0.851075	-0.525048	
2.14235	0.840996	-0.541044	
2.16125	0.830617	-0.556847	
2.18016	0.819941	-0.572451	
2.19906	0.808972	-0.587851	
2.21797	0.797713	-0.60304	
2.23687	0.78617	-0.618014	
2.25578	0.774345	-0.632767	
2.27469	0.762244	-0.647293	
2.29359	0.74987	-0.661588	
2.3125	0.737228	-0.675647	
2.3314	0.724323	-0.689464	
2.35031	0.711158	-0.703035	
2.36922	0.69774	-0.716354	
2.38812	0.684072	-0.729418	
2.40703	0.670159	-0.74222	
2.42593	0.656007	-0.754757	
2.44484	0.641621	-0.767025	
2.46374	0.627005	-0.779018	
2.48265	0.612165	-0.790733	
2.50156	0.597106	-0.802165	
2.52046	0.581833	-0.813311	
2.53937	0.566353	-0.824165	
2.55827	0.55067	-0.834725	
2.57718	0.534791	-0.844987	
2.59609	0.51872	-0.854947	
2.61499	0.502464	-0.864601	
2.6339	0.486028	-0.873946	
2.6528	0.469418	-0.882978	
2.67171	0.452641	-0.891695	
2.69061	0.435702	-0.900094	
2.70952	0.418607	-0.90817	
2.72843	0.401363	-0.915922	
2.74733	0.383975	-0.923346	
2.76624	0.366449	-0.930441	
2.78514	0.348793	-0.937202	
2.80405	0.331012	-0.943629	
2.82296	0.313113	-0.949718	
2.84186	0.295102	-0.955468	
2.86077	0.276985	-0.960877	
2.87967	0.258769	-0.965942	
2.89858	0.240461	-0.970661	
2.91748	0.222067	-0.975034	
2.93639	0.203593	-0.979058	
2.9553	0.185047	-0.982732	
2.9742	0.166435	-0.986055	
2.99311	0.147763	-0.989025	
3.01201	0.129038	-0.991642	
3.03092	0.110267	-0.993905	
3.04983	0.0914568	-0.995812	
3.06873	0.0726138	-0.997363	
3.08764	0.0537449	-0.998557	
3.10654	0.0348567	-0.999395	
3.12545	0.0159561	-0.999875	
3.14435	-0.00295028	-0.999998	
3.16326	-0.0218556	-0.999764	
3.18217	-0.040753	-0.999172	
3.20107	-0.0596359	-0.998223	
3.21998	-0.0784975	-0.996917	
3.23888	-0.097331	-0.995255	
3.25779	-0.11613	-0.993237	
3.2767	-0.134887	-0.990864	
3.2956	-0.153596	-0.988137	
3.31451	-0.17225	-0.985056	
3.33341	-0.190843	-0.981624	
3.35232	-0.209367	-0.97784	
3.37122	-0.227816	-0.973707	
3.39013	-0.246184	-0.969226	
3.40904	-0.264464	-0.964398	
3.42794	-0.28265	-0.959226	
3.44685	-0.300734	-0.953711	
3.46575	-0.318711	-0.947855	
3.48466	-0.336574	-0.94166	
3.50357	-0.354317	-0.935129	
3.52247	-0.371933	-0.928263	
3.54138	-0.389416	-0.921065	
3.56028	-0.40676	-0.913538	
3.57919	-0.423959	-0.905685	
3.59809	-0.441006	-0.897508	
3.617	-0.457895	-0.88901	
3.63591	-0.474621	-0.880194	
3.65481	-0.491177	-0.871064	
3.67372	-0.507557	-0.861622	
3.69262	-0.523756	-0.851872	
3.71153	-0.539768	-0.841818	
3.73044	-0.555587	-0.831463	
3.74934	-0.571207	-0.82081	
3.76825	-0.586623	-0.809864	
3.78715	-0.601829	-0.798629	
3.80606	-0.61682	-0.787108	
3.82496	-0.631591	-0.775306	
3.84387	-0.646136	-0.763227	
3.86278	-0.66045	-0.750875	
3.88168	-0.674528	-0.738254	
3.90059	-0.688365	-0.72537	
3.91949	-0.701955	-0.712226	
3.9384	-0.715295	-0.698827	
3.95731	-0.728379	-0.685179	
3.97621	-0.741203	-0.671286	
3.99512	-0.753762	-0.657153	
4.01402	-0.766051	-0.642785	
4.03293	-0.778066	-0.628188	
4.05183	-0.789804	-0.613365	
4.07074	-0.801259	-0.598324	
4.08965	-0.812427	-0.583068	
4.10855	-0.823306	-0.567605	
4.12746	-0.833889	-0.551938	
4.14636	-0.844175	-0.536074	
4.16527	-0.854159	-0.520018	
4.18418	-0.863838	-0.503777	
4.20308	-0.873208	-0.487355	
4.22199	-0.882266	-0.470759	
4.24089	-0.891008	-0.453995	
4.2598	-0.899432	-0.437069	
4.2787	-0.907535	-0.419986	
4.29761	-0.915313	-0.402753	
4.31652	-0.922763	-0.385377	
4.33542	-0.929884	-0.367862	
4.35433	-0.936673	-0.350216	
4.37323	-0.943127	-0.332445	
4.39214	-0.949243	-0.314555	
4.41105	-0.95502	-0.296553	
4.42995	-0.960456	-0.278444	
4.44886	-0.965549	-0.260236	
4.46776	-0.970296	-0.241935	
4.48667	-0.974697	-0.223548	
4.50557	-0.978749	-0.20508	
4.52448	-0.982451	-0.18654	
4.54339	-0.985802	-0.167932	
4.56229	-0.988801	-0.149265	
4.5812	-0.991446	-0.130544	
4.6001	-0.993737	-0.111776	
4.61901	-0.995673	-0.092969	
4.63792	-0.997253	-0.0741284	
4.65682	-0.998476	-0.0552613	
4.67573	-0.999342	-0.0363744	
4.69463	-0.999851	-0.0174745	
4.71354	-1	0.00143166	
4.73244	-0.999797	0.0203373	
4.75135	-0.999234	0.0392356	
4.77026	-0.998314	0.05812	
4.78916	-0.997036	0.0769835	
4.80807	-0.995403	0.0958196	
4.82697	-0.993413	0.114621	
4.84588	-0.991069	0.133382	
4.86479	-0.98837	0.152095	
4.88369	-0.985318	0.170754	
4.9026	-0.981914	0.189352	
4.9215	-0.978158	0.207882	
4.94041	-0.974053	0.226338	
4.95931	-0.9696	0.244712	
4.97822	-0.9648	0.263	
4.99713	-0.959656	0.281193	
5.01603	-0.954168	0.299286	
5.03494	-0.948339	0.317272	
5.05384	-0.942171	0.335144	
5.07275	-0.935667	0.352897	
5.09166	-0.928828	0.370523	
5.11056	-0.921657	0.388017	
5.12947	-0.914156	0.405373	
5.14837	-0.906329	0.422583	
5.16728	-0.898178	0.439643	
5.18618	-0.889705	0.456545	
5.20509	-0.880915	0.473284	
5.224	-0.87181	0.489854	
5.2429	-0.862393	0.506248	
5.26181	-0.852668	0.522462	
5.28071	-0.842638	0.538489	
5.29962	-0.832307	0.554324	
5.31853	-0.821678	0.56996	
5.33743	-0.810755	0.585393	
5.35634	-0.799543	0.600616	
5.37524	-0.788045	0.615625	
5.39415	-0.776265	0.630413	
5.41305	-0.764208	0.644977	
5.43196	-0.751878	0.659309	
5.45087	-0.739279	0.673406	
5.46977	-0.726415	0.687263	
5.48868	-0.713292	0.700873	
5.50758	-0.699914	0.714234	
5.52649	-0.686286	0.727338	
5.5454	-0.672412	0.740183	
5.5643	-0.658298	0.752763	
5.58321	-0.643949	0.765075	
5.60211	-0.62937	0.777112	
5.62102	-0.614565	0.788872	
5.63992	-0.599541	0.80035	
5.65883	-0.584303	0.811542	
5.67774	-0.568855	0.822443	
5.69664	-0.553205	0.833051	
5.71555	-0.537356	0.843361	
5.73445	-0.521316	0.85337	
5.75336	-0.505089	0.863073	
5.77227	-0.488682	0.872468	
5.79117	-0.4721	0.881551	
5.81008	-0.455349	0.890319	
5.82898	-0.438435	0.898768	
5.84789	-0.421365	0.906897	
5.86679	-0.404144	0.914701	
5.8857	-0.386779	0.922178	
5.90461	-0.369275	0.929326	
5.92351	-0.351639	0.936141	
5.94242	-0.333878	0.942622	
5.96132	-0.315997	0.948765	
5.98023	-0.298003	0.95457	
5.99914	-0.279903	0.960033	
6.01804	-0.261703	0.965154	
6.03695	-0.243409	0.969929	
6.05585	-0.225028	0.974357	
6.07476	-0.206567	0.978438	
6.09366	-0.188032	0.982168	
6.11257	-0.16943	0.985548	
6.13148	-0.150767	0.988575	
6.15038	-0.13205	0.991248	
6.16929	-0.113286	0.993568	
6.18819	-0.0944818	0.995532	
6.2071	-0.0756435	0.99714	
6.22601	-0.0567783	0.998392	
6.24491	-0.0378927	0.999287	
6.26382	-0.0189936	0.999825	
6.28272	-8.76714e-05	1.00001	
